0
-204889
-152496
-129834
-146504
-138814
-88947
-30034
-10283
-25151
-23385
25099
87353
110154
92566
89103
136048
201138
226413
206735
197684
241458
309296
338310
315940
299275
339697
411607
444284
418106
393562
430314
505505
542460
513476
479429
510523
590548
634185
600893
554299
579821
666648
717533
679516
619258
637236
731343
793482
751369
671507
678450
785549
865412
816210
708668
702297
828534
934183
877742
729448
698556
856806
1015362
950369
718978
635137
868828
1159780
1081593
615235
326789
831899
2065222
3181190
3285058
2287551
996771
342065
536922
1025578
1180105
924526
655534
687391
915322
1022272
891598
713951
710048
854718
938524
852570
715483
697744
798686
865785
804443
692253
664502
736691
793853
747721
649338
614508
668397
717525
679886
591926
552927
591469
632941
602590
522743
479023
505532
541960
516514
441656
394685
412162
443203
420959
351427
302113
310758
337092
318420
252946
200810
202681
225732
209316
147030
93631
89760
108827
94579
36354
-18236
-27650
-11326
-22934
-78092
-133800
-147096
-132976
-142809
-194504
-249825
-266743
-255117
-262424
-310127
-365385
-385340
-374800
-379397
-423670
-478052
-499774
-490403
-492643
-532510
-585110
-608587
-600024
-598962
-634268
-685322
-709712
-700867
-696661
-727550
-775853
-800333
-791624
-784112
-809606
-854896
-879543
-870188
-858591
-878920
-921207
-945033
-934549
-919441
-934307
-972442
-995264
-984053
-964882
-973688
-1007992
-1029869
-1017127
-993624
-996876
-1027035
-1047054
-1033012
-1005902
-1003128
-1028491
-1047101
-1032015
-1000647
-991734
-1012969
-1030088
-1013422
-978291
-963892
-980433
-995609
-978178
-939757
-919391
-931343
-945421
-927288
-885201
-859386
-867349
-880012
-861237
-816619
-785783
-789218
-800736
-782318
-735285
-699166
-698741
-709998
-691923
-642635
-602160
-598209
-608746
-591675
-541395
-496645
-488865
-499610
-484531
-433112
-384060
-373381
-384849
-371656
-319940
-267728
-253902
-265826
-255747
-204676
-148811
-131848
-145527
-139305
-88628
-29515
-10243
-25497
-23173
25689
87365
109809
92701
89425
136115
201380
226803
206579
197378
241850
309858
338101
315563
299682
340281
411527
444112
418269
393464
430230
506112
542914
513005
479099
511227
591068
633636
600519
554795
580167
666619
717874
679628
618527
637098
732379
793792
750366
671304
679639
785982
864561
815943
708908
701905
828796
935541
877617
727711
698691
858967
1015285
947729
718662
637743
869755
1158892
1081902
614601
323973
833443
2073812
3187256
3280358
2278564
994086
344699
537958
1025197
1181005
924028
652859
687108
917906
1022887
889509
713373
711709
855173
937239
852098
715880
697530
798788
866713
804281
691029
664464
737703
793769
746692
649297
615249
668392
717119
679924
591661
552355
591706
633571
602266
522022
479227
506065
541629
515897
441694
394817
411973
443294
421141
350965
301614
311029
337413
317957
252501
201081
202913
225422
209052
147001
93339
89558
109110
94664
35826
-18511
-27331
-11269
-23441
-78385
-133639
-147115
-133132
-142723
-194633
-250316
-266871
-254837
-262515
-310600
-365463
-385084
-374902
-379771
-423772
-478128
-500026
-490391
-492453
-532726
-585529
-608561
-599787
-599162
-634643
-685258
-709555
-701017
-696737
-727529
-776109
-800622
-791482
-783954
-809899
-855171
-879383
-870043
-858865
-879138
-921139
-945107
-934684
-919257
-934217
-972766
-995431
-983810
-964818
-974016
-1008112
-1029617
-1017054
-993799
-996862
-1027008
-1047285
-1033042
-1005595
-1003106
-1028769
-1047082
-1031719
-1000666
-992007
-1012946
-1029924
-1013457
-978246
-963663
-980489
-995861
-978050
-939460
-919498
-931555
-945216
-927007
-885291
-859473
-867228
-880047
-861349
-816369
-785506
-789355
-800890
-782047
-735037
-699349
-698878
-709734
-691789
-642689
-601967
-598035
-608947
-591749
-541046
-496472
-489104
-499619
-484120
-432978
-384286
-373342
-384677
-371756
-319898
-267336
-253793
-266099
-255677
-204278
-148815
-132152
-145406
-138936
-88636
-29549
-9965
-25517
-23492
25827
87806
109757
92432
89689
136498
201194
226541
206795
197488
241668
310121
338527
315352
299335
340604
411864
443753
418020
393948
430521
505805
542981
513282
478748
510932
591575
633983
600031
554644
580828
666763
717203
679527
619069
636990
732164
794477
750624
670454
679446
786865
864575
814931
709088
703145
828674
934640
878035
727956
697472
858915
1017055
947773
716757
638118
872251
1158210
1078143
614215
327297
834548
2073757
3191004
3283738
2275202
988499
344667
541185
1024881
1178239
924118
654703
686844
917280
1024060
889782
711720
711326
856515
937394
850957
715973
698611
798625
865840
804413
691260
663886
737730
794616
746607
648496
615340
669013
716822
679244
591925
552809
591454
633433
602550
521744
478645
506274
542096
515579
441246
395126
412302
442906
420792
351120
301551
310788
337644
318202
252102
200720
203207
225576
208611
146775
93636
89615
108828
94651
35859
-18885
-27523
-10970
-23409
-78804
-133747
-146808
-133194
-143166
-194727
-250191
-267037
-254895
-262324
-310743
-365891
-385117
-374637
-379911
-424147
-478088
-499792
-490526
-492671
-532706
-585664
-608844
-599725
-598961
-634881
-685597
-709444
-700853
-697028
-727811
-775995
-800549
-791627
-783901
-809807
-855452
-879611
-869826
-858751
-879440
-921306
-944856
-934572
-919507
-934334
-972718
-995600
-983893
-964552
-973963
-1008432
-1029691
-1016787
-993777
-997167
-1027063
-1047060
-1033021
-1005657
-1002961
-1028833
-1047366
-1031657
-1000330
-992039
-1013207
-1029806
-1013156
-978283
-963866
-980412
-995792
-978149
-939291
-919209
-931687
-945456
-926777
-884982
-859628
-867420
-879804
-861083
