0
0
0
0
0
0
0
0
0
0
0
0
0
0
0
0
0
0
0
0
0
0
0
0
0
0
0
0
0
0
0
0
0
0
0
0
0
0
0
0
0
0
0
0
0
0
0
0
0
0
0
0
0
0
0
0
0
0
0
0
0
0
0
0
0
0
0
0
0
0
0
0
0
0
0
0
0
0
0
0
0
0
0
0
0
0
0
0
0
0
0
0
0
0
0
0
0
0
0
0
0
0
0
0
0
0
0
0
0
0
0
0
0
0
0
0
0
0
0
0
0
0
0
0
0
0
0
0
0
0
0
0
0
0
0
0
0
0
0
0
0
0
0
0
0
0
0
0
0
0
0
0
0
0
0
0
0
0
0
0
0
0
0
0
0
0
0
0
0
0
0
0
0
0
0
0
0
0
0
0
0
0
68644
137289
205934
274579
343224
411868
480513
549158
617803
686447
755092
823737
892382
961026
1029671
1098316
1166960
1235605
1304249
1372894
1441538
1510183
1578827
1647472
1716116
1784761
1853405
1922050
1990694
2059339
2127984
2196628
2265273
2333917
2402562
2471206
2539851
2608495
2677140
2745784
2814429
2883073
2951718
3020362
3089007
3157651
3226296
3294940
3363585
3432229
3500874
3569519
3638163
3706808
3775452
3844097
3912741
3981386
4050029
4118675
4187318
4255962
4324605
4393249
4461893
4530536
4599180
4667823
4736467
4805110
4873754
4942398
5011041
5079685
5148328
5216972
5285615
5354259
5422903
5491546
5560190
5628833
5697477
5766120
5834764
5903408
5972051
6040695
6109338
6177982
6246625
6315269
6383913
6452556
6521200
6589843
6658487
6727130
6795774
6864418
6933061
7001705
7070348
7138992
7207635
7276279
7344923
7413566
7482210
7550853
7619497
7688140
7756784
7825428
7894071
7962715
8031356
8100002
8168642
8237284
8305926
8374568
8443210
8511852
8753692
8995536
9237376
9479224
9721064
9962912
10204752
10446600
10688442
10930290
11172130
11413974
11655818
11897662
12139506
12381350
12623194
12865038
13106886
13348734
13590578
13832426
14074274
14316120
14557968
14799816
15041664
15283508
15525356
15767204
16009048
16250892
16492744
16734596
16976448
17218296
17460148
17702000
17943852
18185704
18427556
18669408
18911260
19153112
19394964
19636816
19878668
20120520
20362372
20604224
20846076
21087928
21329780
21571632
21813484
22055332
22297184
22539036
22780888
23022740
23264592
23506444
23748296
23990148
24232000
24473852
24715704
24957556
25199408
25441260
25683112
25924964
26166816
26408668
26650520
26892372
27134220
27376072
27617924
27859776
28101628
28343480
28585332
28827184
29069036
29310888
29552740
29794592
30036444
30278296
30520148
30762000
31003852
31245704
31487556
31729408
31971260
32213088
32454920
32696744
32938568
33180384
33422224
33664040
33905864
34147688
34389520
34631344
34873168
35114984
35356824
35598648
35840464
36082288
36324104
36565944
36807768
37049584
37303496
37557416
37811320
38065224
38319136
38573040
38826944
39080856
39334776
39588680
39842584
40096504
40350416
40604320
40789624
40974928
41160232
41345528
41530832
41716136
41901440
42086744
42272048
42457344
42642648
42827952
43013256
43198560
43383864
43569168
43754464
43939768
44125072
44310376
44495680
44680984
44866280
45051584
45236888
45422192
45607496
45792800
45978096
46163400
46348704
46534008
46719312
46904616
47089920
47275216
47460520
47645824
47831128
48016432
48201736
48387032
48572336
48757640
48942944
49128248
49313552
49498848
49684152
49869456
50054760
50240064
50425368
50610664
50795968
50981272
51166576
51351880
51537184
51722488
51907784
52093088
52278392
52463696
52649000
52834304
53019600
53204904
53390208
53575512
53760816
53946120
54131416
54316720
54502024
54687328
54872632
55057936
55243240
55428536
55613840
55799144
55984448
56169752
56355056
56540352
56725656
56910960
57096264
57281568
57466872
57652168
57837472
58022776
58208080
58393384
58578688
58763992
58949288
59134592
59319896
59505200
59690504
59875808
60061136
60246456
60431792
60617120
60802456
60987792
61173104
61358440
61543776
61729104
61914440
62099760
62285088
62470424
62655760
62841088
63026424
63211744
63397072
63582408
63594528
63606640
63618752
63630872
63642984
63655088
63667200
63679320
63691432
63703552
63715664
63727776
63739896
63752008
63764128
63776240
63788360
63800472
63812584
63824704
63836816
63848936
63861048
63873168
63885280
63897392
63909512
63921624
63933744
63945856
63957976
63970088
63982208
63994320
64006432
64018544
64030656
64042784
64054896
64067008
64079120
64091232
64103360
64115472
64127584
64139696
64151824
64163936
64176048
64188160
64200272
64212400
64224512
64236624
64248736
64260864
64272976
64285088
64297200
64309312
64321440
64333552
64345664
64357776
64369888
64382016
64394128
64406240
64418352
64430480
64442592
64454704
64466816
64478928
64491056
64503168
64515280
64527392
64539520
64551632
64563744
64575856
64587968
64600096
64612208
64624320
64636432
64648544
64660672
64672784
64684896
64697008
64709136
64721248
64733360
64745472
64757584
64769712
64781728
64793792
64805840
64817856
64829920
64841968
64854000
64866048
64878112
64890128
64902176
64914240
64926256
64938320
64950368
64962432
64974448
64986496
64998560
65010576
65010544
65010528
65010464
65010432
65010400
65010336
65010304
65010272
65010208
65010192
65010160
65010128
65010064
65010032
65009968
65009936
65009904
65009856
65009824
65009792
65009728
65009696
65009632
65009600
65009568
65009520
65009488
65009456
65009392
65009360
65009296
65009264
65009232
65009184
65009152
65009120
65009056
65009024
65008960
65008928
65008896
65008848
65008816
65008784
65008720
65008688
65008624
65008592
65008544
65008512
65008448
65008416
65008352
65008320
65008256
65008224
65008176
65008144
65008080
65008048
65007984
65007952
65007904
65007872
65007808
65007776
65007712
65007680
65007616
65007584
65007536
65007504
65007440
65007408
65007344
65007312
65007248
65007232
65007168
65007136
65007072
65007040
65006976
65006944
65006896
65006864
65006800
65006768
65006704
65006672
65006608
65006576
65006528
65006496
65006432
65006400
65006336
65006304
65006272
65006256
65006224
65006224
65006192
65006160
65006160
65006128
65006096
65006064
65006064
65006032
65006000
65005968
65005968
65005936
65005920
65005888
65005888
65005856
65005792
65005728
65005696
65005632
65005584
65005520
65005488
65005424
65005360
65005296
65005264
65005216
65005152
65005088
65005056
65004992
65004928
65004880
65004848
65004784
65004720
65004656
65004624
65004576
65004512
65004448
65004416
65004352
65004288
65004240
65004208
65004144
65004080
65004016
65003984
65003936
65003872
65003808
65003776
65003712
65003648
65003600
65003568
65003504
65003440
65003376
65003344
65003280
65003232
65003168
65003136
65003072
65003008
65002960
65002928
65002864
65002800
65002736
65002704
65002640
65002592
65002528
65002496
65002432
65002368
65002304
65002288
65002224
65002160
65002096
65002064
65002000
65001952
65001888
65001856
65001792
65001728
65001664
65001632
65001584
65001520
65001456
65001424
65001360
65001312
65001248
65001216
65001152
65001088
65001024
65000992
65000944
65000880
65000816
65000784
65000720
65000656
65000608
65000544
65000448
65000384
65000304
65000240
65000144
65000080
65000000
64999936
64999840
64999744
64999680
64999600
64999504
64999408
64999344
64999264
64999168
64999072
64998992
64998960
64998960
64998960
64998960
64998928
64998928
64998928
64998928
64998896
64998896
64998896
64998896
64998864
64998864
64998864
64998864
64998832
64998832
64998832
64998832
64998800
64998800
64998800
64998800
64998768
64998768
64998768
64998768
64998736
64998736
64998736
64998736
64998704
64998704
64998704
64998704
64998672
64998672
64998672
64998672
64998656
64998656
64998656
64998656
64998624
64998624
64998624
64998624
64998592
64998592
64998592
64998592
64998560
64998560
64998560
64998560
64998528
64998528
64998528
64998528
64998496
64998496
64998496
64998496
64998464
64998464
64998464
64998464
64998432
64998432
64998432
64998432
64998400
64998400
64998400
64998400
64998368
64998368
64998368
64998368
64998352
64998352
64998352
64998352
64998320
64998320
64998320
64998320
64998288
64998288
64998288
64998288
64998256
64998256
64998256
64998256
64998224
64998224
64998256
64998256
64998288
64998288
64998320
64998320
64998352
64998368
64998368
64998400
64998400
64998432
64998464
64998496
64998528
64998528
64998560
64998592
64998624
64998656
64998672
64998672
64998672
64998672
64998704
64998704
64998704
64998704
64998736
64998736
64998736
64998736
64998768
64998768
64998768
64998768
64998800
64998800
64998800
64998800
64998832
64998832
64998832
64998832
64998864
64998864
64998864
64998864
64998896
64998896
64998896
64998896
64998928
64998928
64998928
64998928
64998960
64998960
64998960
64998960
64998992
64998992
64998992
64998992
64999008
64999008
64999008
64999008
64999040
64999040
64999040
64999040
64999072
64999072
64999072
64999072
64999104
64999104
64999104
64999104
64999136
64999136
64999136
64999136
64999168
64999168
64999168
64999168
64999200
64999200
64999200
64999200
64999232
64999232
64999232
64999232
64999264
64999264
64999264
64999264
64999296
64999296
64999296
64999296
64999328
64999328
64999328
64999328
64999344
64999344
64999344
64999344
64999376
64999376
64999376
64999376
64999408
64999408
64999408
64999376
64999376
64999344
64999328
64999328
64999296
64999264
64999264
64999232
64999200
64999168
64999136
64999104
64999072
64999040
64999008
64998992
64998960
64998896
64998896
64998896
64998864
64998864
64998832
64998832
64998800
64998800
64998800
64998768
64998768
64998736
64998736
64998704
64998704
64998704
64998672
64998672
64998656
64998656
64998656
64998624
64998624
64998624
64998592
64998592
64998560
64998560
64998560
64998528
64998528
64998528
64998496
64998496
64998464
64998464
64998464
64998432
64998432
64998432
64998400
64998400
64998368
64998368
64998368
64998352
64998352
64998352
64998352
64998320
64998320
64998320
64998320
64998288
64998288
64998288
64998288
64998256
64998256
64998256
64998256
64998224
64998224
64998224
64998224
64998192
64998192
64998192
64998192
64998160
64998160
64998160
64998160
64998128
64998128
64998128
64998128
64998096
64998096
64998096
64998096
64998064
64998064
64998064
64998064
64998032
64998032
64998032
64998032
64998016
64998016
64998016
64998016
64997984
64997984
64997984
64997984
64997952
64997952
64997984
64998016
64998016
64998032
64998064
64998064
64998096
64998128
64998160
64998160
64998192
64998224
64998256
64998288
64998320
64998352
64998368
64998432
64998464
64998496
64998496
64998528
64998528
64998560
64998560
64998592
64998592
64998624
64998624
64998656
64998656
64998672
64998672
64998704
64998704
64998736
64998736
64998768
64998768
64998800
64998800
64998832
64998832
64998864
64998864
64998896
64998896
64998928
64998928
64998960
64998960
64998992
64998992
64999008
64999008
64999040
64999040
64999072
64999072
64999104
64999104
64999136
64999136
64999168
64999168
64999200
64999200
64999232
64999232
64999264
64999264
64999296
64999296
64999328
64999328
64999344
64999344
64999376
64999376
64999408
64999408
64999440
64999440
64999472
64999472
64999504
64999504
64999536
64999536
64999568
64999568
64999600
64999600
64999632
64999632
64999664
64999664
64999680
64999680
64999712
64999712
64999744
64999744
64999776
64999776
64999808
64999808
64999840
64999840
64999872
64999872
64999904
64999904
64999936
64999936
64999968
64999968
65000000
64999968
64999968
64999936
64999904
64999904
64999872
64999872
64999840
64999808
64999808
64999776
64999776
64999744
64999744
64999712
64999712
64999680
64999664
64999632
64999600
64999600
64999600
64999600
64999600
64999600
64999600
64999600
64999600
64999600
64999600
64999600
64999600
64999568
64999568
64999568
64999568
64999568
64999568
64999568
64999568
64999536
64999536
64999536
64999536
64999536
64999536
64999536
64999536
64999504
64999504
64999504
64999504
64999504
64999504
64999504
64999504
64999472
64999472
64999472
64999472
64999472
64999472
64999472
64999472
64999440
64999440
64999440
64999440
64999408
64999408
64999408
64999408
64999376
64999376
64999376
64999376
64999344
64999344
64999344
64999344
64999328
64999328
64999328
64999328
64999296
64999296
64999296
64999296
64999264
64999264
64999264
64999264
64999232
64999232
64999232
64999232
64999200
64999200
64999200
64999200
64999168
64999168
64999168
64999168
64999136
64999136
64999136
64999136
64999104
64999104
64999104
64999104
64999072
64999072
64999072
64999072
64999040
64999040
64999072
64999104
64999136
64999168
64999200
64999232
64999264
64999296
64999328
64999344
64999376
64999408
64999440
64999440
64999472
64999504
64999536
64999536
64999568
64999600
64999600
64999568
64999568
64999568
64999568
64999536
64999536
64999536
64999536
64999504
64999504
64999504
64999504
64999472
64999472
64999472
64999472
64999440
64999440
64999440
64999440
64999408
64999408
64999408
64999408
64999376
64999376
64999376
64999376
64999344
64999344
64999344
64999344
64999328
64999328
64999328
64999328
64999296
64999296
64999296
64999296
64999264
64999264
64999264
64999264
64999232
64999232
64999232
64999232
64999200
64999200
64999200
64999200
64999168
64999168
64999168
64999168
64999136
64999136
64999136
64999136
64999104
64999104
64999104
64999104
64999072
64999072
64999072
64999072
64999040
64999040
64999040
64999040
64999008
64999008
64999008
64999008
64998992
64998992
64998992
64998992
64998960
64998960
64998960
64998960
64998928
64998928
64998928
64998928
64998896
64998896
64998896
64998896
64998864
64998864
64998864
64998864
64998832
64998800
64998768
64998704
64998672
64998656
64998592
64998560
64998528
64998464
64998432
64998400
64998368
64998352
64998320
64998256
64998224
64998192
64998160
64998128
64998128
64998128
64998160
64998160
64998160
64998192
64998192
64998192
64998224
64998224
64998256
64998256
64998256
64998288
64998288
64998288
64998320
64998320
64998352
64998352
64998352
64998368
64998368
64998368
64998400
64998400
64998432
64998432
64998432
64998464
64998464
64998464
64998496
64998496
64998528
64998528
64998528
64998560
64998560
64998560
64998592
64998592
64998624
64998624
64998624
64998656
64998656
64998672
64998672
64998704
64998704
64998736
64998736
64998768
64998768
64998800
64998800
64998832
64998832
64998864
64998864
64998896
64998896
64998928
64998928
64998960
64998960
64998992
64998992
64999008
64999008
64999040
64999040
64999072
64999072
64999104
64999104
64999136
64999136
64999168
64999168
64999200
64999200
64999232
64999232
64999264
64999264
64999296
64999296
