0
0
0
0
0
0
0
0
0
0
0
0
0
0
0
0
0
0
0
0
0
0
0
0
0
0
0
0
0
0
0
0
0
0
0
0
0
0
0
0
0
0
0
0
0
0
0
0
0
0
0
0
0
0
0
0
0
0
0
0
0
0
0
0
0
0
0
0
0
0
0
0
0
0
0
0
0
0
0
0
0
0
0
0
0
0
0
0
0
0
0
0
0
0
0
0
0
0
0
0
0
0
0
0
0
0
0
0
0
0
0
0
0
0
0
0
0
0
0
0
0
0
0
0
0
0
0
0
0
0
0
0
0
0
0
0
0
0
0
0
0
0
0
0
0
0
0
0
0
0
0
0
0
0
0
0
0
0
0
0
0
0
0
0
0
0
0
0
0
0
0
0
0
0
0
0
0
0
0
0
0
0
0
0
0
0
0
0
0
0
0
0
0
0
0
0
0
0
0
0
0
0
0
0
0
0
0
0
0
0
0
0
0
0
0
0
0
0
0
0
0
0
0
0
0
0
0
0
0
0
0
0
0
0
0
0
0
0
0
0
0
0
0
0
0
0
0
0
0
0
0
0
0
0
0
0
0
0
0
0
0
0
0
0
0
0
0
0
0
0
0
0
0
0
0
0
0
0
0
0
0
0
0
0
0
0
0
0
0
0
0
0
0
0
0
0
0
0
0
0
0
0
0
0
0
0
0
0
0
0
0
0
0
0
0
0
0
0
0
0
0
0
0
0
0
0
0
0
0
0
0
0
0
0
0
0
0
0
0
0
0
0
0
0
0
0
0
0
0
0
0
0
0
0
0
0
0
0
0
0
0
0
0
0
0
0
0
0
0
0
0
0
0
0
0
0
0
0
0
0
0
0
0
0
3399993
2706573
1288116
386718
498779
1025451
1172790
868865
630065
756500
991577
981262
774871
687164
816253
936828
864868
715911
702850
816772
863555
765716
664794
693572
781250
774780
671966
613189
662536
717742
673767
579925
556457
610290
631225
563873
487976
491302
537231
526000
448181
394744
415222
444519
406402
329254
298980
326568
334259
276824
209106
199249
224670
209472
141571
89172
94451
110137
74127
4608
-29754
-16082
-15289
-67321
-130523
-147277
-132385
-148773
-210113
-261016
-263122
-253540
-286407
-349670
-384674
-376983
-377624
-423675
-481658
-499938
-488250
-501831
-555786
-602539
-605712
-595825
-622528
-677947
-709503
-701263
-697967
-735565
-785858
-800628
-785980
-792358
-836578
-876007
-874816
-859130
-876190
-921417
-945800
-931671
-919860
-946228
-986450
-993774
-971282
-966949
-999298
-1028991
-1019622
-994079
-998931
-1032440
-1047332
-1023895
-1000518
-1014160
-1043304
-1041137
-1008056
-991027
-1011016
-1030456
-1011260
-973937
-965911
-988128
-993469
-959625
-923797
-925231
-944488
-933258
-889099
-859680
-868988
-880004
-851837
-803100
-783569
-797149
-795349
-752349
-705230
-697052
-709960
-692352
-638763
-598999
-601257
-608032
-573730
-515502
-487548
-497131
-492645
-443206
-387176
-373382
-385314
-365692
-305236
-258026
-258239
-266540
-229980
-164611
-131744
-143218
-141693
-88989
-26123
-11169
-28686
-12145
53131
105651
101928
85266
120208
191894
226989
206909
198822
252868
322692
335021
303985
312042
382659
441070
428100
394287
424621
505859
543090
505828
479461
535736
618377
625518
568878
561523
644134
715820
685882
619049
642700
747985
793670
722259
658905
725830
845458
846771
732269
691894
815643
935638
867675
710113
722900
924743
1021881
838165
632781
763427
1108123
1132415
661041
324127
908569
2288055
3328735
3051635
1723083
554504
377136
876129
1189758
982635
666870
685821
934356
1016937
840118
687622
763549
917053
905975
754821
687072
779357
865997
805419
684814
671203
758514
791168
706085
619049
639739
708862
698059
606018
552398
591430
634490
591125
505096
481384
525146
538909
474426
403259
403259
440643
425903
351562
300231
315917
338745
299682
225708
195434
217956
221313
164642
99334
88104
109008
91491
25238
-25604
-22399
-10192
-46844
-114257
-147888
-136413
-137817
-189117
-250183
-266723
-253662
-270874
-330535
-379394
-381500
-373016
-405456
-466369
-499481
-491699
-492523
-537078
-592315
-608734
-596618
-609405
-660949
-704742
-706024
-695159
-720153
-772491
-800933
-790649
-785766
-820800
-867584
-879119
-862152
-866333
-907318
-942901
-938385
-920074
-934326
-975891
-996246
-978668
-963928
-987060
-1023284
-1026458
-1000427
-992919
-1021728
-1047210
-1033660
-1004547
-1006134
-1035888
-1046508
-1018920
-992034
-1002380
-1027709
-1021270
-984161
-963836
-980621
-996215
-972839
-931793
-920745
-939910
-941497
-903656
-864471
-863311
-879760
-864837
-816986
-784790
-791992
-800384
-768707
-716705
-695129
-707092
-702819
-656494
-606750
-597320
-609069
-589050
-532501
-490936
-492797
-498718
-462005
-401306
-372589
-382537
-377288
-325500
-267669
-254272
-267181
-246704
-183959
-135925
-137756
-147338
-109558
-42144
-9796
-23925
-23651
30761
95031
108001
86975
102844
170379
223266
215850
195312
230651
304901
338775
313232
301666
357635
429840
438720
400787
406616
481018
540832
521484
479949
510528
597351
633789
586608
552917
613372
702880
705169
634704
622406
714782
793334
751708
667144
691802
814575
864074
769592
685760
766265
914123
909118
751281
691650
857360
1021667
916748
671478
682037
1010223
1185424
834350
356445
612976
1836303
3122222
3289215
2176574
825927
323974
704467
1151000
1086090
740295
639343
858642
1024719
908477
712921
718963
879302
932067
803009
688629
741119
852447
838775
716552
659698
729766
794830
740081
636688
622161
691253
713592
636383
558410
572937
628326
613800
529022
478759
509765
543304
500000
419494
395324
431091
438964
376403
308776
305999
336486
318756
247039
197326
209136
226654
186798
115417
85205
103668
103576
47576
-15563
-27770
-10406
-29693
-94329
-143646
-141876
-132293
-169158
-234527
-267120
-257080
-259948
-310241
-369049
-384887
-372863
-390319
-448059
-494628
-496093
-487976
-519500
-577850
-608703
-600158
-600494
-643127
-695373
-709503
-696289
-707702
-756561
-797058
-795928
-783508
-806335
-855346
-880310
-867462
-860473
-892669
-935668
-943603
-923858
-925415
-963012
-994567
-986358
-965026
-976257
-1014007
-1030151
-1008819
-990875
-1010650
-1042846
-1041748
-1011932
-1001159
-1026397
-1047698
-1029907
-997100
-995391
-1021545
-1027923
-996185
-965789
-973022
-994750
-984100
-943054
-919525
-933410
-945495
-918060
-873382
-859588
-876129
-874298
-832611
-790313
-786987
-801055
-782836
-731506
-696868
-702484
-708740
-673889
-618896
-595703
-606658
-600433
-551116
-499053
-488922
-500183
-478210
-418945
-376007
-378112
-383819
-345092
-282165
-253173
-264221
-258789
-204895
-145538
-133148
-147827
-126892
-61981
-13488
-17608
-29235
9490
78887
110351
92651
91125
147277
213012
223327
197845
212707
282745
336029
323974
298645
334442
411773
444213
412017
396118
454589
529968
534698
488281
491485
570922
632965
605743
554565
585845
680511
716491
656616
613525
680206
779968
776397
687194
668548
775909
865692
807891
697448
724426
876190
933776
802825
684967
790313
992492
979553
737243
635559
897247
1181945
991424
463409
418640
1392974
2801177
3395507
2607330
1186737
361419
536682
1056762
1160614
841064
627075
776458
1001892
968750
760284
690856
829589
938507
853027
708343
709106
825225
860412
755523
661956
700378
785430
768920
664001
613586
668518
718322
666717
574493
558868
614562
628875
556762
484985
494628
539367
521545
441894
393920
418487
444396
400756
324371
299713
328979
332000
270812
205902
200897
225738
205566
135955
87615
96313
109588
69122
0
-29937
-14617
-17456
-72692
-133819
-146514
-131835
-152313
-215270
-262878
-261932
-254180
-290863
-354034
-385223
-375915
-379547
-428527
-484832
-499481
-487762
-504852
-560424
-604370
-604644
-596221
-626342
-681854
-709991
-700073
-699371
-739685
-788635
-800018
-785095
-794677
-840515
-877410
-873443
-858886
-879180
-924652
-945831
-929962
-920440
-949493
-988586
-992614
-969696
-968322
-1002380
-1029754
-1017578
-992950
-1000946
-1034881
-1046691
-1021392
-1000122
-1016510
-1044677
-1039245
-1005554
-991424
-1013244
-1030487
-1008392
-971862
-966979
-989776
-992095
-956237
-922393
-926727
-945190
-930572
-885650
-859161
-870483
-879425
-848175
-800079
-783874
-798248
-793395
-748107
-703002
-697937
-710205
-689056
-634490
-597778
-602386
-607116
-569427
-511718
-487396
-498046
-490356
-438323
-384307
-374084
-385528
-362060
-300323
-256408
-259460
-265655
-225250
-160247
-131500
-144439
-139434
-83587
-22888
-12145
-29357
-8422
58593
107330
100097
85662
125244
196746
226928
204772
200775
258789
326202
333251
302246
315765
388854
442657
424987
393707
430084
511474
542327
501953
480743
542663
622436
622253
565124
565246
651824
717346
680267
616546
649322
755462
791687
714813
659027
735473
851318
840301
723937
696289
828277
937927
855438
702392
734161
940338
1017089
817504
628479
788085
1128051
1110443
618286
330291
996520
2397430
3359771
2974243
1611053
502563
402160
916442
1190551
954406
654022
701721
950805
1010437
823089
685180
776336
923858
896850
743957
689483
789062
866943
795867
678588
675933
764953
788208
697357
616455
645141
712005
692718
598937
552520
596252
634582
584625
500091
483276
528594
536437
467773
400360
405975
442230
421569
345642
299255
318603
338287
294219
221038
195892
219940
218963
158843
96221
89447
109741
87585
19836
-27160
-20812
-10925
-51727
-118743
-148162
-135192
-140045
-194366
-253387
-266052
-253265
-274353
-335510
-381195
-380401
-373718
-409790
-470550
-500000
-490692
-494415
-541717
-595306
-608215
-596099
-612304
-665344
-706359
-704895
-695465
-723785
-776153
-801239
-789367
-787017
-824707
-870086
-878295
-861114
-868438
-910980
-944061
-936798
-919647
-937072
-978820
-995971
-976715
-964294
-990051
-1025085
-1024993
-998596
-994079
-1024505
-1047637
-1031311
-1003173
-1007904
-1037994
-1045532
-1016143
-991394
-1004455
-1028778
-1019012
-981384
-963989
-982574
-995941
-969635
-929443
-921600
-941284
-939819
-899963
-862854
-864624
-880187
-861877
-813293
-784118
-793334
-799560
-764739
-713470
-695312
-708038
-700622
-652038
-604370
-598144
-609191
-585540
-528015
-489685
-493927
-497650
-457489
-397399
-372436
-383453
-374847
-320404
-264770
-255065
-267425
-242889
-178894
-134399
-139129
-146453
-104644
-37719
-9704
-25360
-21331
36346
98266
106750
86090
106689
175994
224822
213623
195587
235900
309844
338378
310668
303558
363861
433349
436431
398620
410491
487487
542205
517669
479034
516387
603240
632507
581878
554107
620910
707092
700958
630035
626495
723419
794677
744598
663848
699462
823242
861145
759887
685577
778198
921234
900115
739685
697235
874603
1024597
898132
658843
699432
1036834
1177551
791564
340423
677856
1950042
3185607
3241394
2063690
748901
329498
748107
1166046
1062225
718902
648071
878692
1025604
891723
704345
728881
890136
927246
790466
686523
750366
857269
831329
707733
661376
737243
795166
731872
631256
625823
696319
710662
628601
555938
577301
630676
608734
522552
478637
513732
543029
493835
414764
396789
433898
436401
370117
305938
308258
337615
314483
241394
196228
211395
225952
181488
110900
85479
105285
101104
41961
-18615
-26641
-9918
-33569
-99548
-145202
-140502
-133178
-173950
-238830
-267425
-256011
-262207
-315338
-372100
-384246
-372528
-393707
-452819
-496307
-495025
-488677
-523681
-581817
-609069
-599121
-602294
-647552
-698120
-708862
-695709
-710479
-760681
-798431
-794677
-783691
-809722
-858703
-880371
-865997
-861541
-896270
-937866
-942535
-922637
-927307
-966369
-995391
-984497
-964385
-978729
-1016601
-1029571
-1006622
-990997
-1013366
-1044311
-1039947
-1009826
-1002044
-1028900
-1047821
-1027252
-995452
-996887
-1023345
-1026641
-993103
-964904
-974822
-995483
-981567
-940002
-919464
-935119
-944915
-914550
-870788
-860260
-877288
-872314
-828643
-788513
-788116
-801269
-779602
-727569
-696044
-703704
-707702
-669677
-615478
-595794
-607513
-597991
-546386
-496582
-489746
-500213
-474487
-414276
-374694
-379272
-382659
-340393
-278137
-253082
-265197
-256256
-199645
-142639
-134094
-148132
-122955
-56793
-12023
-19195
-28381
14587
83374
110198
90972
93475
153045
216186
221740
196716
216674
288574
337371
321319
298736
339904
416839
443420
408935
397979
461151
533447
531799
485565
495544
577850
634063
601074
553222
592193
686828
714569
650787
614593
688690
784484
770935
681274
673156
785980
