0
64998432
64998464
64998496
64998528
64998528
64998560
64998592
64998624
64998656
64998672
64998672
64998672
64998672
64998704
64998704
64998704
64998704
64998736
64998736
64998736
64998736
64998768
64998768
64998768
64998768
64998800
64998800
64998800
64998800
64998832
64998832
64998832
64998832
64998864
64998864
64998864
64998864
64998896
64998896
64998896
64998896
64998928
64998928
64998928
64998928
64998960
64998960
64998960
64998960
64998992
64998992
64998992
64998992
64999008
64999008
64999008
64999008
64999040
64999040
64999040
64999040
64999072
64999072
64999072
64999072
64999104
64999104
64999104
64999104
64999136
64999136
64999136
64999136
64999168
64999168
64999168
64999168
64999200
64999200
64999200
64999200
64999232
64999232
64999232
64999232
64999264
64999264
64999264
64999264
64999296
64999296
64999296
64999296
64999328
64999328
64999328
64999328
64999344
64999344
64999344
64999344
64999376
64999376
64999376
64999376
64999408
64999408
64999408
64999376
64999376
64999344
64999328
64999328
64999296
64999264
64999264
64999232
64999200
64999168
64999136
64999104
64999072
64999040
64999008
64998992
64998960
64998896
64998896
64998896
64998864
64998864
64998832
64998832
64998800
64998800
64998800
64998768
64998768
64998736
64998736
64998704
64998704
64998704
64998672
64998672
64998656
64998656
64998656
64998624
64998624
64998624
64998592
64998592
64998560
64998560
64998560
64998528
64998528
64998528
64998496
64998496
64998464
64998464
64998464
64998432
64998432
64998432
64998400
64998400
64998368
64998368
64998368
64998352
64998352
64998352
64998352
64998320
64998320
64998320
64998320
64998288
64998288
64998288
64998288
64998256
64998256
64998256
64998256
64998224
64998224
64998224
64998224
64998192
64998192
64998192
64998192
64998160
64998160
64998160
64998160
64998128
64998128
64998128
64998128
64998096
64998096
64998096
64998096
64998064
64998064
64998064
64998064
64998032
64998032
64998032
64998032
64998016
64998016
64998016
64998016
64997984
64997984
64997984
64997984
64997952
64997952
64997984
64998016
64998016
64998032
64998064
64998064
64998096
64998128
64998160
64998160
64998192
64998224
64998256
64998288
64998320
64998352
64998368
64998432
64998464
64998496
64998496
64998528
64998528
64998560
64998560
64998592
64998592
64998624
64998624
64998656
64998656
64998672
64998672
64998704
64998704
64998736
64998736
64998768
64998768
64998800
64998800
64998832
64998832
64998864
64998864
64998896
64998896
64998928
64998928
64998960
64998960
64998992
64998992
64999008
64999008
64999040
64999040
64999072
64999072
64999104
64999104
64999136
64999136
64999168
64999168
64999200
64999200
64999232
64999232
64999264
64999264
64999296
64999296
64999328
64999328
64999344
64999344
64999376
64999376
64999408
64999408
64999440
64999440
64999472
64999472
64999504
64999504
64999536
64999536
64999568
64999568
64999600
64999600
64999632
64999632
64999664
64999664
64999680
64999680
64999712
64999712
64999744
64999744
64999776
64999776
64999808
64999808
64999840
64999840
64999872
64999872
64999904
64999904
64999936
64999936
64999968
64999968
65000000
64999968
64999968
64999936
64999904
64999904
64999872
64999872
64999840
64999808
64999808
64999776
64999776
64999744
64999744
64999712
64999712
64999680
64999664
64999632
64999600
64999600
64999600
64999600
64999600
64999600
64999600
64999600
64999600
64999600
64999600
64999600
64999600
64999568
64999568
64999568
64999568
64999568
64999568
64999568
64999568
64999536
64999536
64999536
64999536
64999536
64999536
64999536
64999536
64999504
64999504
64999504
64999504
64999504
64999504
64999504
64999504
64999472
64999472
64999472
64999472
64999472
64999472
64999472
64999472
64999440
64999440
64999440
64999440
64999408
64999408
64999408
64999408
64999376
64999376
64999376
64999376
64999344
64999344
64999344
64999344
64999328
64999328
64999328
64999328
64999296
64999296
64999296
64999296
64999264
64999264
64999264
64999264
64999232
64999232
64999232
64999232
64999200
64999200
64999200
64999200
64999168
64999168
64999168
64999168
64999136
64999136
64999136
64999136
64999104
64999104
64999104
64999104
64999072
64999072
64999072
64999072
64999040
64999040
64999072
64999104
64999136
64999168
64999200
64999232
64999264
64999296
64999328
64999344
64999376
64999408
64999440
64999440
64999472
64999504
64999536
64999536
64999568
64999600
64999600
64999568
64999568
64999568
64999568
64999536
64999536
64999536
64999536
64999504
64999504
64999504
64999504
64999472
64999472
64999472
64999472
64999440
64999440
64999440
64999440
64999408
64999408
64999408
64999408
64999376
64999376
64999376
64999376
64999344
64999344
64999344
64999344
64999328
64999328
64999328
64999328
64999296
64999296
64999296
64999296
64999264
64999264
64999264
64999264
64999232
64999232
64999232
64999232
64999200
64999200
64999200
64999200
64999168
64999168
64999168
64999168
64999136
64999136
64999136
64999136
64999104
64999104
64999104
64999104
64999072
64999072
64999072
64999072
64999040
64999040
64999040
64999040
64999008
64999008
64999008
64999008
64998992
64998992
64998992
64998992
64998960
64998960
64998960
64998960
64998928
64998928
64998928
64998928
64998896
64998896
64998896
64998896
64998864
64998864
64998864
64998864
64998832
64998800
64998768
64998704
64998672
64998656
64998592
64998560
64998528
64998464
64998432
64998400
64998368
64998352
64998320
64998256
64998224
64998192
64998160
64998128
64998128
64998128
64998160
64998160
64998160
64998192
64998192
64998192
64998224
64998224
64998256
64998256
64998256
64998288
64998288
64998288
64998320
64998320
64998352
64998352
64998352
64998368
64998368
64998368
64998400
64998400
64998432
64998432
64998432
64998464
64998464
64998464
64998496
64998496
64998528
64998528
64998528
64998560
64998560
64998560
64998592
64998592
64998624
64998624
64998624
64998656
64998656
64998672
64998672
64998704
64998704
64998736
64998736
64998768
64998768
64998800
64998800
64998832
64998832
64998864
64998864
64998896
64998896
64998928
64998928
64998960
64998960
64998992
64998992
64999008
64999008
64999040
64999040
64999072
64999072
64999104
64999104
64999136
64999136
64999168
64999168
64999200
64999200
64999232
64999232
64999264
64999264
64999296
64999296
