0
0
0
55
-288
-1505
-2995
8293
28858
-23989
-233917
-119426
-513568
-116783
-483718
-115623
-485808
-115672
-486233
-115433
-486294
-115189
-486351
-114945
-486406
-114702
-486468
-114458
-486523
-114210
-486580
-113945
-486646
-113668
-486708
-113373
-486775
-113070
-486850
-112748
-486922
-112417
-486996
-112064
-487082
-111679
-487168
-111267
-487261
-110827
-487366
-110361
-487469
-109891
-487572
-109424
-487683
-108955
-487786
-108486
-487886
-108017
-487996
-107549
-488098
-107081
-488198
-106608
-488304
-106114
-488411
-105612
-488518
-105086
-488634
-104528
-488753
-103948
-488877
-103364
-488999
-102766
-489126
-102153
-489257
-101539
-489382
-100926
-489507
-100301
-489641
-99658
-489769
-99017
-489896
-98377
-490029
-97731
-490157
-97067
-490289
-96319
-490437
-95456
-490604
-94583
-490776
-93712
-490942
-92840
-491105
-91968
