-204890
-152497
-129835
-146505
-138815
-88948
-30035
-10284
-25152
-23386
25099
87353
110154
92566
89103
136048
201138
226413
206735
197684
241458
309296
338310
315940
299275
339697
411607
444284
418106
393562
430314
505505
542460
513476
479429
510523
590548
634185
600893
554299
579821
666648
717533
679516
619258
637236
731343
793482
751369
671507
678450
785549
865412
816210
708668
702297
828534
934183
877742
729448
698556
856806
1015362
950369
718978
635137
868828
1159780
1081593
615235
326789
831899
2065222
3181190
3285058
2287551
996771
342065
536922
1025578
1180105
924526
655534
687391
915322
1022272
891598
713951
710048
854718
938524
852570
715483
697744
798686
865785
804443
692253
664502
736691
793853
747721
649338
614508
668397
717525
679886
591926
552927
591469
632941
602590
522743
479023
505532
541960
516514
441656
394685
412162
443203
420959
351427
302113
310758
337092
318420
252946
200810
202681
225732
209316
147030
93631
89760
108827
94579
36354
-18237
-27651
-11327
-22935
-78093
-133801
-147097
-132977
-142810
-194505
-249826
-266744
-255118
-262425
-310128
-365386
-385341
-374801
-379398
-423670
-478053
-499775
-490404
-492644
-532511
-585111
-608588
-600025
-598963
-634269
-685322
-709713
-700868
-696662
-727550
-775854
-800334
-791625
-784113
-809607
-854897
-879544
-870189
-858592
-878921
-921208
-945034
-934550
-919442
-934308
-972443
-995265
-984054
-964883
-973689
-1007993
-1029869
-1017128
-993625
-996876
-1027035
-1047055
-1033013
-1005903
-1003129
-1028492
-1047102
-1032016
-1000648
-991735
-1012970
-1030089
-1013423
-978292
-963893
-980434
-995610
-978179
-939758
-919392
-931344
-945422
-927288
-885202
-859387
-867350
-880013
-861237
-816620
-785783
-789219
-800737
-782319
-735285
-699167
-698742
-709999
-691924
-642636
-602161
-598210
-608746
-591675
-541396
-496646
-488865
-499611
-484532
-433113
-384061
-373381
-384850
-371657
-319941
-267729
-253903
-265827
-255748
-204677
-148812
-131849
-145528
-139306
-88629
-29516
-10244
-25498
-23174
25689
87365
109809
92701
89425
136115
201380
226803
206579
197378
241850
309858
338101
315563
299682
340281
411527
444112
418269
393464
430230
506112
542914
513005
479099
511227
591068
633636
600519
554795
580167
666619
717874
679628
618527
637098
732379
793792
750366
671304
679639
785982
864561
815943
708908
701905
828796
935541
877617
727711
698691
858967
1015285
947729
718662
637743
869755
1158892
1081902
614601
323973
833443
2073812
3187256
3280358
2278564
994086
344699
537958
1025197
1181005
924028
652859
687108
917906
1022887
889509
713373
711709
855173
937239
852098
715880
697530
798788
866713
804281
691029
664464
737703
793769
746692
649297
615249
668392
717119
679924
591661
552355
591706
633571
602266
522022
479227
506065
541629
515897
441694
394817
411973
443294
421141
350965
301614
311029
337413
317957
252501
201081
202913
225422
209052
147001
93339
89558
109110
94664
35826
-18512
-27332
-11270
-23442
-78386
-133640
-147116
-133133
-142724
-194633
-250317
-266872
-254838
-262516
-310601
-365463
-385085
-374903
-379772
-423773
-478129
-500027
-490392
-492454
-532727
-585530
-608561
-599788
-599162
-634644
-685259
-709556
-701018
-696738
-727529
-776110
-800623
-791483
-783955
-809900
-855172
-879384
-870044
-858866
-879139
-921140
-945108
-934685
-919258
-934218
-972767
-995432
-983811
-964819
-974017
-1008113
-1029618
-1017054
-993800
-996863
-1027008
-1047285
-1033043
-1005595
-1003107
-1028770
-1047083
-1031720
-1000667
-992008
-1012946
-1029925
-1013458
-978247
-963664
-980490
-995861
-978051
-939461
-919499
-931556
-945217
-927008
-885291
-859474
-867229
-880048
-861350
-816370
-785507
-789356
-800891
-782048
-735038
-699350
-698878
-709735
-691790
-642690
-601968
-598036
-608948
-591750
-541047
-496473
-489105
-499620
-484121
-432978
-384287
-373343
-384678
-371757
-319899
-267337
-253794
-266100
-255678
-204279
-148816
-132153
-145407
-138937
-88637
-29550
-9966
-25518
-23493
25827
87806
109757
92432
89689
136498
201194
226541
206795
197488
241668
310121
338527
315352
299335
340604
411864
443753
418020
393948
430521
505805
542981
513282
478748
510932
591575
633983
600031
554644
580828
666763
717203
679527
619069
636990
732164
