2.438736584524772676e-11
1.810900171932614046e-05
-1.202064602519280348e-04
3.117832054083181687e-04
3.486866604852082840e-03
3.117832054083181687e-04
-1.202064602519280348e-04
1.810900171932614046e-05
2.438553307961914452e-11
1.840724927647825190e-05
-1.227345670586179921e-04
3.235642772262695361e-04
3.486782840084494926e-03
3.000970683366068642e-04
-1.176919723861445812e-04
1.781320679093760474e-05
2.438189716914477106e-11
1.870791743991970785e-05
-1.252759970209070192e-04
3.354398148647770388e-04
3.486531554430684701e-03
2.885063216122559296e-04
-1.151913932313390404e-04
1.751989517151272103e-05
2.437661941712761554e-11
1.901097283192104074e-05
-1.278304483313141588e-04
3.474093360778269385e-04
3.486112773836316184e-03
2.770114075095786205e-04
-1.127050065503393581e-04
1.722909621218125166e-05
2.437019727131161835e-11
1.931638070674445931e-05
-1.303976131543134877e-04
3.594723453053089266e-04
3.485526541540153074e-03
2.656127549758178423e-04
-1.102330901077683739e-04
1.694083794841157298e-05
2.436376712463518715e-11
1.962410493811829471e-05
-1.329771776215326327e-04
3.716283336812416954e-04
3.484772918068035786e-03
2.543107796328624966e-04
-1.077759156801231198e-04
1.665514711363638275e-05
2.435951273817273759e-11
1.993410800695643900e-05
-1.355688218280341468e-04
3.838767790440125228e-04
3.483851981224470214e-03
2.431058837809336060e-04
-1.053337490668777556e-04
1.637204915306917296e-05
2.436117297763316771e-11
2.024635098931881538e-05
-1.381722198296852079e-04
3.962171459486201375e-04
3.482763826081794814e-03
2.319984564042343084e-04
-1.029068501026126329e-04
1.609156823772087342e-05
2.437464941846650123e-11
2.056079354462479609e-05
-1.407870396416267789e-04
4.086488856809378321e-04
3.481508564966957243e-03
2.209888731785550743e-04
-1.004954726701445534e-04
1.581372727860074536e-05
2.440871495675682416e-11
2.087739390412627326e-05
-1.434129432378409576e-04
4.211714362739908614e-04
3.480086327445888403e-03
2.100774964808296754e-04
-9.809986471466831536e-05
1.553854794109848931e-05
2.447582536181191424e-11
2.119610885964495997e-05
-1.460495865518381977e-04
4.337842225262566911e-04
3.478497260305477359e-03
1.992646754006287301e-04
-9.572026825888007369e-05
1.526605065954044863e-05
2.459302476778934188e-11
2.151689375257821092e-05
-1.486966194784593884e-04
4.464866560219936799e-04
3.476741527533153651e-03
1.885507457535892824e-04
-9.335691941908592808e-05
1.499625465191609221e-05
2.478295582632430007e-11
2.183970246318820948e-05
-1.513536858768079710e-04
4.592781351535954850e-04
3.474819310294080012e-03
1.779360300967649632e-04
-9.101004842228057365e-05
1.472917793475923813e-05
2.507496358158855221e-11
2.216448740016814468e-05
-1.540204235743125529e-04
4.721580451459754199e-04
3.472730806905953340e-03
1.674208377458942412e-04
-8.867987962418590433e-05
1.446483733819318165e-05
2.550630086557339378e-11
2.249119949050495146e-05
-1.566964643719333272e-04
4.851257580829898162e-04
3.470476232811431708e-03
1.570054647945718545e-04
-8.636663152824211500e-05
1.420324852111617984e-05
2.612342863420887282e-11
2.281978816963401284e-05
-1.593814340505142241e-04
4.981806329358874890e-04
3.468055820548174382e-03
1.466901941353187893e-04
-8.407051680553697726e-05
1.394442598653384578e-05
2.698341071634371367e-11
2.315020137189784547e-05
-1.620749523782902518e-04
5.113220155938067715e-04
3.465469819716512218e-03
1.364752954825368457e-04
-8.179174231566373437e-05
1.368838309702775566e-05
2.815540866147660140e-11
2.348238552131675405e-05
-1.647766331195528737e-04
5.245492388963019599e-04
3.462718496944750153e-03
1.263610253973417193e-04
-7.953050912850304814e-05
1.343513209034720437e-05
2.972226521969262825e-11
2.381628552266955407e-05
-1.674860840444834516e-04
5.378616226679146716e-04
3.459802135852107011e-03
1.163476273142600970e-04
-7.728701254690567395e-05
1.318468409513288820e-05
3.178218712161888053e-11
2.415184475290182186e-05
-1.702029069401583307e-04
5.512584737547817151e-04
3.456721037009299977e-03
1.064353315697852794e-04
-7.506144213027834381e-05
1.293704914674983100e-05
3.445051332950072151e-11
2.448900505285626453e-05
-1.729266976227302854e-04
5.647390860632814759e-04
3.453475517896777668e-03
9.662435543277338461e-05
-7.285398171905153961e-05
1.269223620323337064e-05
3.786158195201893727e-11
2.482770671933976845e-05
-1.756570459507947259e-04
5.783027406007254338e-04
3.450065912860612177e-03
8.691490313667564916e-05
-7.066480946002617479e-05
1.245025316134288472e-05
4.217068001065659348e-11
2.516788849753200883e-05
-1.783935358399444076e-04
5.919487055180831011e-04
3.446492573066057500e-03
7.730716591359237781e-05
-6.849409783257800186e-05
1.221110687270456985e-05
4.755608867487768068e-11
2.550948757373542705e-05
-1.811357452785142426e-04
6.056762361547488385e-04
3.442755866448773440e-03
6.780132203013416374e-05
-6.634201367572280879e-05
1.197480316005467738e-05
5.422120923695317072e-11
2.585243956847942359e-05
-1.838832463445281380e-04
6.194845750853430685e-04
3.438856177663738006e-03
5.839753682508423276e-05
-6.420871821601432320e-05
1.174134683356611922e-05
6.239678306643712725e-11
2.619667852998554971e-05
-1.866356052238472667e-04
6.333729521685530894e-04
3.434793908031843947e-03
4.909596274884337852e-05
-6.209436709627479752e-05
1.151074170724855203e-05
7.234318722760205783e-11
2.654213692798970312e-05
-1.893923822295243500e-04
6.473405845980010221e-04
3.430569475484194619e-03
3.989673940464923525e-05
-5.999911040514411918e-05
1.128299061543105057e-05
8.435282340640146632e-11
2.688874564794112458e-05
-1.921531318223707019e-04
6.613866769551502746e-04
3.426183314504103929e-03
3.079999359155554946e-05
-5.792309270743209118e-05
1.105809542930290776e-05
9.875258091646509004e-11
2.723643398557109053e-05
-1.949174026327373085e-04
6.755104212642353435e-04
3.421635876066817742e-03
2.180583934915627503e-05
-5.586645307526646943e-05
1.083605707352166211e-05
1.159063811216332402e-10
2.758512964184614845e-05
-1.976847374835167463e-04
6.897109970492201585e-04
3.416927627576955839e-03
1.291437800404306380e-05
-5.382932512002077205e-05
1.061687554287635167e-05
1.362178073025362715e-10
2.793475871830744008e-05
-2.004546734143651532e-04
7.039875713927769459e-04
3.412059052803696150e-03
4.125698217986616290e-06
-5.181183702501486032e-05
1.040054991899349068e-05
1.601328010074812559e-10
2.828524571280283440e-05
-2.032267417071507575e-04
7.183392989972857195e-04
3.407030651813699931e-03
-4.560123962186191466e-06
-4.981411157896954180e-05
1.018707838709332260e-05
1.881424423311462843e-10
2.863651351561495372e-05
-2.060004679126331659e-04
7.327653222478468101e-04
3.401842940901803058e-03
-1.314302505301278800e-05
-4.783626621020935411e-05
9.976458252782600711e-06
2.207857999537379853e-10
2.898848340599723242e-05
-2.087753718783714324e-04
7.472647712773040473e-04
3.396496452519468662e-03
-2.162295408114729489e-05
-4.587841302159578933e-05
9.768685958871785210e-06
2.586528524839256789e-10
2.934107504911399685e-05
-2.115509677778667347e-04
7.618367640332731738e-04
3.390991735201032316e-03
-2.999987252844725117e-05
-4.394065882618450797e-05
9.563757102230541457e-06
3.023874811190897248e-10
2.969420649340096503e-05
-2.143267641409454599e-04
7.764804063471698534e-04
3.385329353487725058e-03
-3.827375427541319670e-05
-4.202310518358553598e-05
9.361666450648511862e-06
3.526905317817386978e-10
3.004779416833935245e-05
-2.171022638853738890e-04
7.911947920052362975e-04
3.379509887849521058e-03
-4.644458554299947458e-05
-4.012584843702531344e-05
9.162407959722594815e-06
4.103229345818885111e-10
3.040175288265833264e-05
-2.198769643497199857e-04
8.059790028215501386e-04
3.373533934604791736e-03
-5.451236483280396425e-05
-3.824897975108601701e-05
8.965974789750581441e-06
4.761089035046513285e-10
3.075599582296959634e-05
-2.226503573274548611e-04
8.208321087130224887e-04
3.367402105837798837e-03
-6.247710286566377305e-05
-3.639258515011844320e-05
8.772359322618647983e-06
5.509391773476073457e-10
3.111043455283330454e-05
-2.254219291022964368e-04
8.357531677763678371e-04
3.361115029314024755e-03
-7.033882251865976624e-05
-3.455674555731117262e-05
8.581553178701472359e-06
6.357743405110957365e-10
3.146497901226811384e-05
-2.281911604848014846e-04
8.507412263670478467e-04
3.354673348393379106e-03
-7.809755876055870410e-05
-3.274153683440535634e-05
8.393547233740404102e-06
7.316481850518268275e-10
3.181953751770372901e-05
-2.309575268501992955e-04
8.657953191801688814e-04
3.348077721941259462e-03
-8.575335858569763797e-05
-3.094702982203933567e-05
8.208331635717541433e-06
8.396711377925593146e-10
3.217401676238562891e-05
-2.337204981774760563e-04
8.809144693333458443e-04
3.341328824237518695e-03
-9.330628094633870717e-05
-2.917329038071381849e-05
8.025895821710130060e-06
9.610337386724831181e-10
3.252832181723530635e-05
-2.364795390897021560e-04
8.960976884515015322e-04
3.334427344883326809e-03
-1.007563966835008486e-04
-2.742037943236401919e-05
7.846228534714721217e-06
1.097010165701599014e-09
3.288235613216976250e-05
-2.392341088956094963e-04
9.113439767536114832e-04
3.327373988705953269e-03
-1.081037884562923530e-04
-2.568835300252143175e-05
7.669317840448912124e-06
1.248961813382776823e-09
3.323602153788352866e-05
-2.419836616324146311e-04
9.266523231413733913e-04
3.320169475661483276e-03
-1.153485506697590534e-04
-2.397726226305919148e-05
7.495151144119537159e-06
1.418340914597032479e-09
3.358921824810461314e-05
-2.447276461098900672e-04
9.420217052898011969e-04
3.312814540735491402e-03
-1.224907894012653310e-04
-2.228715357550042588e-05
7.323715207142096204e-06
1.606694207326115611e-09
3.394184486231912169e-05
-2.474655059556789272e-04
9.574510897397266141e-04
3.305309933841673459e-03
-1.295306223254253113e-04
-2.061806853488478986e-05
7.154996163828928310e-06
1.815666640242219288e-09
3.429379836897725008e-05
-2.501966796618577201e-04
9.729394319922061432e-04
3.297656419718469987e-03
-1.364681786376048121e-04
-1.897004401417179973e-05
6.988979538015728148e-06
2.047005121564611428e-09
3.464497414918123164e-05
-2.529206006327462414e-04
9.884856766048143780e-04
3.289854777823682241e-03
-1.433035989760088542e-04
-1.734311220917066247e-05
6.825650259639056519e-06
2.302562295499604626e-09
3.499526598085625631e-05
-2.556366972339510794e-04
1.004088757289823067e-03
3.281905802227120562e-03
-1.500370353423734508e-04
-1.573730068399074915e-05
6.664992681260911299e-06
2.584300365108530368e-09
3.534456604341811676e-05
-2.583443928426633796e-04
1.019747597014248686e-03
3.273810301501266923e-03
-1.566686510212822372e-04
-1.415263241698444169e-05
6.506990594513644266e-06
2.894294929857496406e-09
3.569276492292954527e-05
-2.610431058991869628e-04
1.035461108101755519e-03
3.265569098610014535e-03
-1.631986204981260302e-04
-1.258912584718375929e-05
6.351627246494052548e-06
3.234738868755800490e-09
3.603975161776037239e-05
-2.637322499597085593e-04
1.051228192336415429e-03
3.257183030795463268e-03
-1.696271293757213659e-04
-1.104679492120762339e-05
6.198885356067912439e-06
3.607946233972633009e-09
3.638541354474538879e-05
-2.664112337503035449e-04
1.067047741068291372e-03
3.248652949462812068e-03
-1.759543742896085329e-04
-9.525649140632790223e-06
6.048747130108069408e-06
4.016356174920670893e-09
3.672963654585197172e-05
-2.690794612221744154e-04
1.082918635320856459e-03
3.239979720063359669e-03
-1.821805628220526832e-04
-8.025693609809024976e-06
5.901194279646637268e-06
4.462536885340459121e-09
3.707230489535599907e-05
-2.717363316081186381e-04
1.098839745900215183e-03
3.231164221975637001e-03
-1.883059134147569650e-04
-6.546929084112862052e-06
5.756208035935912615e-06
4.949189556449740038e-09
3.741330130753087570e-05
-2.743812394802247413e-04
1.114809933506131145e-03
3.222207348384678247e-03
-1.943306552803218570e-04
-5.089352018619522587e-06
5.613769166423012172e-06
5.479152356708160527e-09
3.775250694485320909e-05
-2.770135748087923597e-04
1.130828048844831346e-03
3.213110006159473463e-03
-2.002550283124516800e-04
-3.652954617182310736e-06
5.473857990631200994e-06
6.055404416056245864e-09
3.808980142673018966e-05
-2.796327230224738506e-04
1.146892932743591616e-03
3.203873115728596288e-03
-2.060792829949488079e-04
-2.237724881907338861e-06
5.336454395930111969e-06
6.681069820124977056e-09
3.842506283874734736e-05
-2.822380650696287526e-04
1.163003416267073672e-03
3.194497610954051374e-03
-2.118036803094958760e-04
-8.436466630098681777e-07
5.201537853217926406e-06
7.359421612622226383e-09
3.875816774244520248e-05
-2.848289774808954785e-04
1.179158320835408400e-03
3.184984439003339836e-03
-2.174284916422627957e-04
5.293002909626844449e-07
5.069087432481240531e-06
8.093885798585614997e-09
3.908899118562456668e-05
-2.874048324329694535e-04
1.195356458344008646e-03
3.175334560219783466e-03
-2.229539986893462188e-04
1.881140282555408277e-06
4.939081818248047428e-06
8.888045344541969804e-09
3.941740671318145632e-05
-2.899649978135834176e-04
1.211596631285099613e-03
3.165548947991114227e-03
-2.283804933610692075e-04
3.211901614484887650e-06
4.811499324933781080e-06
9.745644185063413521e-09
3.974328637848115262e-05
-2.925088372876879388e-04
1.227877632870942115e-03
3.155628588616358945e-03
-2.337082776851573179e-04
4.521616538394124961e-06
4.686317912050189344e-06
1.067059121219132580e-08
4.006650075526708505e-05
-2.950357103648266100e-04
1.244198247158748724e-03
3.145574481171039150e-03
-2.389376637088175259e-04
5.810321203292234865e-06
4.563515199303612381e-06
1.166696426243025039e-08
4.038691895010994558e-05
-2.975449724676981203e-04
1.260557249177260680e-03
3.135387637370702120e-03
-2.440689733997316224e-04
7.078055603692519776e-06
4.443068481565740276e-06
1.273901409081318850e-08
4.070440861539905997e-05
-3.000359750019017347e-04
1.276953405054984505e-03
3.125069081432819973e-03
-2.491025385459938934e-04
8.324863527463248304e-06
4.324954743703105889e-06
1.389116832816641885e-08
4.101883596288008840e-05
-3.025080654268601081e-04
1.293385472150059695e-03
3.114619849937058128e-03
-2.540387006550096473e-04
9.550792503403745574e-06
4.209150675287244312e-06
1.512803542356394993e-08
4.133006577773790368e-05
-3.049605873279120612e-04
1.309852199181745338e-03
3.104040991683954757e-03
-2.588778108513752692e-04
1.075589374855772079e-05
4.095632685153049635e-06
1.645440855836265041e-08
4.163796143322844170e-05
-3.073928804895708754e-04
1.326352326363516550e-03
3.093333567552029005e-03
-2.636202297737635469e-04
1.194022211527971517e-05
3.984376915824908162e-06
1.787526954538637894e-08
4.194238490586234296e-05
-3.098042809699387253e-04
1.342884585537737355e-03
3.082498650353333609e-03
-2.682663274708318871e-04
1.310383603806619931e-05
3.875359257798876688e-06
1.939579269278992870e-08
4.224319679113974833e-05
-3.121941211762754615e-04
1.359447700311906728e-03
3.071537324687480513e-03
-2.728164832961812308e-04
1.424679748016475710e-05
3.768555363668114368e-06
2.102134864208257416e-08
4.254025631984072127e-05
-3.145617299417066736e-04
1.376040386196451587e-03
3.060450686794172898e-03
-2.772710858023784354e-04
1.536917187997185883e-05
3.663940662111304461e-06
2.275750816937954696e-08
4.283342137487033437e-05
-3.169064326030715745e-04
1.392661350744055226e-03
3.049239844404248809e-03
-2.816305326340708538e-04
1.647102809723821880e-05
3.561490371713794691e-06
2.461004595436231623e-08
4.312254850866089348e-05
-3.192275510798974793e-04
1.409309293690493231e-03
3.037905916589273263e-03
-2.858952304202127355e-04
1.755243835908782608e-05
3.461179514642036162e-06
2.658494429737547828e-08
4.340749296113319007e-05
-3.215244039544992521e-04
1.425982907096968186e-03
3.026450033609705270e-03
-2.900655946654209045e-04
1.861347820587158864e-05
3.362982930155581261e-06
2.868839681384437563e-08
4.368810867821622604e-05
-3.237963065531841516e-04
1.442680875493918468e-03
3.014873336761650195e-03
-2.941420496404918618e-04
1.965422643685514877e-05
3.266875287954177789e-06
3.092681205996447581e-08
4.396424833092808104e-05
-3.260425710285675500e-04
1.459401876026283993e-03
3.003176978222240820e-03
-2.981250282720893639e-04
2.067476505577140879e-05
3.172831101363171716e-06
3.330681712409272192e-08
4.423576333501883688e-05
-3.282625064429815819e-04
1.476144578600201585e-03
2.991362120893655344e-03
-3.020149720316345167e-04
2.167517921623573902e-05
3.080824740353779580e-06
3.583526115939811772e-08
4.450250387117219136e-05
-3.304554188529708683e-04
1.492907646031129115e-03
2.979429938245811357e-03
-3.058123308234143769e-04
2.265555716704524398e-05
2.990830444383180471e-06
3.851921886038454135e-08
4.476431890577483485e-05
-3.326206113948645287e-04
1.509689734193354589e-03
2.967381614157752704e-03
-3.095175628719367073e-04
2.361599019736804983e-05
2.902822335078333815e-06
4.136599388565477343e-08
4.502105621224383871e-05
-3.347573843714188964e-04
1.526489492170885007e-03
2.955218342757754378e-03
-3.131311346085468780e-04
2.455657258184328401e-05
2.816774428727024325e-06
4.438312220756682030e-08
4.527256239292089165e-05
-3.368650353395159216e-04
1.543305562409692409e-03
2.942941328262177990e-03
-3.166535205573328812e-04
2.547740152559532496e-05
2.732660648605810333e-06
4.757837540876441683e-08
4.551868290152813245e-05
-3.389428591989116250e-04
1.560136580871287863e-03
2.930551784813100347e-03
-3.200852032203400335e-04
2.637857710918326747e-05
2.650454837126146330e-06
5.095976390176184530e-08
4.575926206618739523e-05
-3.409901482820229990e-04
1.576981177187616878e-03
2.918050936314739441e-03
-3.234266729621179735e-04
2.726020223349176304e-05
2.570130767789404295e-06
5.453554008040974928e-08
4.599414311300571305e-05
-3.430061924447412700e-04
1.593837974817234604e-03
2.905440016268702550e-03
-3.266784278936212026e-04
2.812238256457709980e-05
2.491662156975447957e-06
5.831420139462682989e-08
4.622316819021864365e-05
-3.449902791582643100e-04
1.610705591202762346e-03
2.892720267608096807e-03
-3.298409737554875115e-04
2.896522647848263324e-05
2.415022675529735197e-06
6.230449335073773676e-08
4.644617839290179158e-05
-3.469416936019333996e-04
1.627582637929580068e-03
2.879892942530504815e-03
-3.329148238007131563e-04
2.978884500603455908e-05
2.340185960173709466e-06
6.651541242061669208e-08
4.666301378824118238e-05
-3.488597187570669140e-04
1.644467720885754670e-03
2.866959302329878667e-03
-3.359004986767502089e-04
3.059335177763176705e-05
2.267125624724435153e-06
7.095620888341276455e-08
4.687351344136547033e-05
-3.507436355017777606e-04
1.661359440423160021e-03
2.853920617227358007e-03
-3.387985263070494467e-04
3.137886296803331961e-05
2.195815271120528371e-06
7.563638956182887869e-08
4.707751544174012203e-05
-3.525927227067601473e-04
1.678256391519784623e-03
2.840778166201052019e-03
-3.416094417720680256e-04
3.214549724116997622e-05
2.126228500259823240e-06
8.056572047956499944e-08
4.727485693012026231e-05
-3.544062573320413446e-04
1.695157163943189840e-03
2.827533236814808778e-03
-3.443337871897658438e-04
3.289337569498050178e-05
2.058338922645234337e-06
8.575422942000778357e-08
4.746537412606073223e-05
-3.561835145246772466e-04
1.712060342415108911e-03
2.814187125045996239e-03
-3.469721115956117909e-04
3.362262180628796862e-05
1.992120168826521887e-06
9.121220839073599075e-08
4.764890235598661191e-05
-3.579237677173856031e-04
1.728964506777147091e-03
2.800741135112331300e-03
-3.495249708221284538e-04
3.433336137572557263e-05
1.927545899660158763e-06
9.695021598482085919e-08
4.782527608181618496e-05
-3.596262887281023420e-04
1.745868232157572492e-03
2.787196579297773844e-03
-3.519929273779882320e-04
3.502572247272962245e-05
1.864589816358238202e-06
1.029790796460875299e-07
4.799432893013949559e-05
-3.612903478604491099e-04
1.762770089139169011e-03
2.773554777777522198e-03
-3.543765503266894349e-04
3.569983538060390312e-05
1.803225670347331469e-06
1.093098978171557139e-07
4.815589372195011304e-05
-3.629152140050964171e-04
1.779668643928124672e-03
2.759817058442132990e-03
-3.566764151648347462e-04
3.635583254166979331e-05
1.743427272928569972e-06
1.159540419893910719e-07
4.830980250292407261e-05
-3.645001547420120337e-04
1.796562458523938248e-03
2.745984756720797927e-03
-3.588931037000322793e-04
3.699384850251703712e-05
1.685168504727616622e-06
1.229231586364084499e-07
4.845588657425400940e-05
-3.660444364435796213e-04
1.813450090890308388e-03
2.732059215403797453e-03
-3.610272039284426388e-04
3.761401985935681043e-05
1.628423324957692779e-06
1.302291710306593428e-07
4.859397652401995871e-05
-3.675473243785740466e-04
1.830330095126989857e-03
2.718041784464175076e-03
-3.630793099119955731e-04
3.821648520349944339e-05
1.573165780466472680e-06
1.378842809508902533e-07
4.872390225911353307e-05
-3.690080828169793907e-04
1.847201021642590202e-03
2.703933820878637578e-03
-3.650500216552956764e-04
3.880138506696064111e-05
1.519370014588873905e-06
1.459009702506957336e-07
4.884549303769783083e-05
-3.704259751356368075e-04
1.864061417328278679e-03
2.689736688447741386e-03
-3.669399449822421879e-04
3.936886186820722096e-05
1.467010275797251971e-06
1.542920023302448286e-07
4.895857750220671488e-05
-3.718002639247051000e-04
1.880909825732383130e-03
2.675451757615354698e-03
-3.687496914123854371e-04
3.991905985805829050e-05
1.416060926138789750e-06
1.630704234555457701e-07
4.906298371288258755e-05
-3.731302110949205695e-04
1.897744787235848378e-03
2.661080405287463008e-03
-3.704798780370397782e-04
4.045212506574400742e-05
1.366496449474487419e-06
1.722495639646540601e-07
4.915853918184501117e-05
-3.744150779856443762e-04
1.914564839228536167e-03
2.646624014650318484e-03
-3.721311273951760515e-04
4.096820524514184378e-05
1.318291459521699430e-06
1.818430393356541480e-07
4.924507090768976108e-05
-3.756541254736771350e-04
1.931368516286330024e-03
2.632083974987974376e-03
-3.737040673491173704e-04
4.146744982119494866e-05
1.271420707668146215e-06
1.918647511220010947e-07
4.932240541061386565e-05
-3.768466140828284953e-04
1.948154350349031155e-03
2.617461681499236130e-03
-3.751993309600605152e-04
4.195000983652290261e-05
1.225859090610792098e-06
2.023288877476784957e-07
4.939036876806569164e-05
-3.779918040942252793e-04
1.964920870899005030e-03
2.602758535114045244e-03
-3.766175563634402792e-04
4.241603789823687124e-05
1.181581657759383565e-06
2.132499251685534681e-07
4.944878665091168572e-05
-3.790889556573444103e-04
1.981666605140567413e-03
2.587975942309343139e-03
-3.779593866441668015e-04
4.286568812497008136e-05
1.138563618454694215e-06
2.246426273802167107e-07
4.949748436012426484e-05
-3.801373289017524141e-04
1.998390078180075323e-03
2.573115314924425464e-03
-3.792254697117483533e-04
4.329911609413122946e-05
1.096780348982929533e-06
2.365220467894793482e-07
4.953628686397375908e-05
-3.811361840495349623e-04
2.015089813206686307e-03
2.558178069975831047e-03
-3.804164581753319415e-04
4.371647878939044474e-05
1.056207399360830312e-06
2.489035244396289829e-07
4.956501883573514712e-05
-3.820847815284031737e-04
2.031764331673780594e-03
2.543165629471786770e-03
-3.815330092186737651e-04
4.411793454841042415e-05
1.016820499945505906e-06
2.618026900678317672e-07
4.958350469189732625e-05
-3.829823820854579724e-04
2.048412153481006439e-03
2.528079420226236104e-03
-3.825757844750676036e-04
4.450364301082933272e-05
9.785955678182413985e-07
2.752354620396221078e-07
4.959156863086790342e-05
-3.838282469015946675e-04
2.065031797156912253e-03
2.512920873672492943e-03
-3.835454499022514143e-04
4.487376506650726668e-05
9.415087129746114131e-07
2.892180470917105877e-07
4.958903467217847438e-05
-3.846216377065351773e-04
2.081621780042161151e-03
2.497691425676531584e-03
-3.844426756573107295e-04
4.522846280404187652e-05
9.055362443035055913e-07
3.037669399530416485e-07
4.957572669617380250e-05
-3.853618168944657803e-04
2.098180618473281540e-03
2.482392516349954479e-03
-3.852681359716062870e-04
4.556789945956883707e-05
8.706546753692601973e-07
3.188989227755969254e-07
4.955146848419363201e-05
-3.860480476402650520e-04
2.114706827966926408e-03
2.467025589862672889e-03
-3.860225090257412336e-04
4.589223936584744244e-05
8.368407299806283786e-07
3.346310644215401549e-07
4.951608375922935469e-05
-3.866795940163075124e-04
2.131198923404633520e-03
2.451592094255306085e-03
-3.867064768245924585e-04
4.620164790164813770e-05
8.040713475750757501e-07
3.509807195768731630e-07
4.946939622705819306e-05
-3.872557211098211932e-04
2.147655419218026662e-03
2.436093481251358928e-03
-3.873207250724252488e-04
4.649629144144766583e-05
7.723236883744544799e-07
3.679655277024450641e-07
4.941122961784678207e-05
-3.877756951407802582e-04
2.164074829574461414e-03
2.420531206069181322e-03
-3.878659430481189662e-04
4.677633730543850454e-05
7.415751383714484509e-07
3.856034118115226764e-07
4.934140772822084267e-05
-3.882387835803216732e-04
2.180455668563068168e-03
2.404906727233757646e-03
-3.883428234805123120e-04
4.704195370986452595e-05
7.118033140836920024e-07
4.039125770825636888e-07
4.925975446379224625e-05
-3.886442552696608250e-04
2.196796450381165947e-03
2.389221506388343550e-03
-3.887520624239024941e-04
4.729330971768836800e-05
6.829860671371692867e-07
4.229115092898059050e-07
4.916609388213932308e-05
-3.889913805394904791e-04
2.213095689521023170e-03
2.373477008105984339e-03
-3.890943591337072955e-04
4.753057518960295864e-05
6.551014886316829541e-07
4.426189730645456137e-07
4.906025023623640995e-05
-3.892794313298436658e-04
2.229351900956942807e-03
2.357674699700943160e-03
-3.893704159423232213e-04
4.775392073538802646e-05
6.281279133156304167e-07
4.630540099834564887e-07
4.894204801832348220e-05
-3.895076813104031508e-04
2.245563600332622055e-03
2.341816051040072812e-03
-3.895809381351869323e-04
4.796351766562763699e-05
6.020439235707206350e-07
4.842359364595707241e-07
4.881131200421064570e-05
-3.896754060012387307e-04
2.261729304148786101e-03
2.325902534354150255e-03
-3.897266338270708136e-04
4.815953794379108596e-05
5.768283531915310557e-07
5.061843414816369837e-07
4.866786729801185095e-05
-3.897818828939507798e-04
2.277847529951043063e-03
2.309935624049218924e-03
-3.898082138386267160e-04
4.834215413868857394e-05
5.524602909786890301e-07
5.289190841361344073e-07
4.851153937730201516e-05
-3.898263915732032422e-04
2.293916796517944060e-03
2.293916796517944060e-03
-3.898263915732032422e-04
4.851153937730201516e-05
5.289190841361344073e-07
5.524602909786890301e-07
4.834215413868857394e-05
-3.898082138386267160e-04
2.309935624049218924e-03
2.277847529951043063e-03
-3.897818828939507798e-04
4.866786729801185095e-05
5.061843414816369837e-07
5.768283531915310557e-07
4.815953794379108596e-05
-3.897266338270708136e-04
2.325902534354150255e-03
2.261729304148786101e-03
-3.896754060012387307e-04
4.881131200421064570e-05
4.842359364595707241e-07
6.020439235707206350e-07
4.796351766562763699e-05
-3.895809381351869323e-04
2.341816051040072812e-03
2.245563600332622055e-03
-3.895076813104031508e-04
4.894204801832348220e-05
4.630540099834564887e-07
6.281279133156304167e-07
4.775392073538802646e-05
-3.893704159423232213e-04
2.357674699700943160e-03
2.229351900956942807e-03
-3.892794313298436658e-04
4.906025023623640995e-05
4.426189730645456137e-07
6.551014886316829541e-07
4.753057518960295864e-05
-3.890943591337072955e-04
2.373477008105984339e-03
2.213095689521023170e-03
-3.889913805394904791e-04
4.916609388213932308e-05
4.229115092898059050e-07
6.829860671371692867e-07
4.729330971768836800e-05
-3.887520624239024941e-04
2.389221506388343550e-03
2.196796450381165947e-03
-3.886442552696608250e-04
4.925975446379224625e-05
4.039125770825636888e-07
7.118033140836920024e-07
4.704195370986452595e-05
-3.883428234805123120e-04
2.404906727233757646e-03
2.180455668563068168e-03
-3.882387835803216732e-04
4.934140772822084267e-05
3.856034118115226764e-07
7.415751383714484509e-07
4.677633730543850454e-05
-3.878659430481189662e-04
2.420531206069181322e-03
2.164074829574461414e-03
-3.877756951407802582e-04
4.941122961784678207e-05
3.679655277024450641e-07
7.723236883744544799e-07
4.649629144144766583e-05
-3.873207250724252488e-04
2.436093481251358928e-03
2.147655419218026662e-03
-3.872557211098211932e-04
4.946939622705819306e-05
3.509807195768731630e-07
8.040713475750757501e-07
4.620164790164813770e-05
-3.867064768245924585e-04
2.451592094255306085e-03
2.131198923404633520e-03
-3.866795940163075124e-04
4.951608375922935469e-05
3.346310644215401549e-07
8.368407299806283786e-07
4.589223936584744244e-05
-3.860225090257412336e-04
2.467025589862672889e-03
2.114706827966926408e-03
-3.860480476402650520e-04
4.955146848419363201e-05
3.188989227755969254e-07
8.706546753692601973e-07
4.556789945956883707e-05
-3.852681359716062870e-04
2.482392516349954479e-03
2.098180618473281540e-03
-3.853618168944657803e-04
4.957572669617380250e-05
3.037669399530416485e-07
9.055362443035055913e-07
4.522846280404187652e-05
-3.844426756573107295e-04
2.497691425676531584e-03
2.081621780042161151e-03
-3.846216377065351773e-04
4.958903467217847438e-05
2.892180470917105877e-07
9.415087129746114131e-07
4.487376506650726668e-05
-3.835454499022514143e-04
2.512920873672492943e-03
2.065031797156912253e-03
-3.838282469015946675e-04
4.959156863086790342e-05
2.752354620396221078e-07
9.785955678182413985e-07
4.450364301082933272e-05
-3.825757844750676036e-04
2.528079420226236104e-03
2.048412153481006439e-03
-3.829823820854579724e-04
4.958350469189732625e-05
2.618026900678317672e-07
1.016820499945505906e-06
4.411793454841042415e-05
-3.815330092186737651e-04
2.543165629471786770e-03
2.031764331673780594e-03
-3.820847815284031737e-04
4.956501883573514712e-05
2.489035244396289829e-07
1.056207399360830312e-06
4.371647878939044474e-05
-3.804164581753319415e-04
2.558178069975831047e-03
2.015089813206686307e-03
-3.811361840495349623e-04
4.953628686397375908e-05
2.365220467894793482e-07
1.096780348982929533e-06
4.329911609413122946e-05
-3.792254697117483533e-04
2.573115314924425464e-03
1.998390078180075323e-03
-3.801373289017524141e-04
4.949748436012426484e-05
2.246426273802167107e-07
1.138563618454694215e-06
4.286568812497008136e-05
-3.779593866441668015e-04
2.587975942309343139e-03
1.981666605140567413e-03
-3.790889556573444103e-04
4.944878665091168572e-05
2.132499251685534681e-07
1.181581657759383565e-06
4.241603789823687124e-05
-3.766175563634402792e-04
2.602758535114045244e-03
1.964920870899005030e-03
-3.779918040942252793e-04
4.939036876806569164e-05
2.023288877476784957e-07
1.225859090610792098e-06
4.195000983652290261e-05
-3.751993309600605152e-04
2.617461681499236130e-03
1.948154350349031155e-03
-3.768466140828284953e-04
4.932240541061386565e-05
1.918647511220010947e-07
1.271420707668146215e-06
4.146744982119494866e-05
-3.737040673491173704e-04
2.632083974987974376e-03
1.931368516286330024e-03
-3.756541254736771350e-04
4.924507090768976108e-05
1.818430393356541480e-07
1.318291459521699430e-06
4.096820524514184378e-05
-3.721311273951760515e-04
2.646624014650318484e-03
1.914564839228536167e-03
-3.744150779856443762e-04
4.915853918184501117e-05
1.722495639646540601e-07
1.366496449474487419e-06
4.045212506574400742e-05
-3.704798780370397782e-04
2.661080405287463008e-03
1.897744787235848378e-03
-3.731302110949205695e-04
4.906298371288258755e-05
1.630704234555457701e-07
1.416060926138789750e-06
3.991905985805829050e-05
-3.687496914123854371e-04
2.675451757615354698e-03
1.880909825732383130e-03
-3.718002639247051000e-04
4.895857750220671488e-05
1.542920023302448286e-07
1.467010275797251971e-06
3.936886186820722096e-05
-3.669399449822421879e-04
2.689736688447741386e-03
1.864061417328278679e-03
-3.704259751356368075e-04
4.884549303769783083e-05
1.459009702506957336e-07
1.519370014588873905e-06
3.880138506696064111e-05
-3.650500216552956764e-04
2.703933820878637578e-03
1.847201021642590202e-03
-3.690080828169793907e-04
4.872390225911353307e-05
1.378842809508902533e-07
1.573165780466472680e-06
3.821648520349944339e-05
-3.630793099119955731e-04
2.718041784464175076e-03
1.830330095126989857e-03
-3.675473243785740466e-04
4.859397652401995871e-05
1.302291710306593428e-07
1.628423324957692779e-06
3.761401985935681043e-05
-3.610272039284426388e-04
2.732059215403797453e-03
1.813450090890308388e-03
-3.660444364435796213e-04
4.845588657425400940e-05
1.229231586364084499e-07
1.685168504727616622e-06
3.699384850251703712e-05
-3.588931037000322793e-04
2.745984756720797927e-03
1.796562458523938248e-03
-3.645001547420120337e-04
4.830980250292407261e-05
1.159540419893910719e-07
1.743427272928569972e-06
3.635583254166979331e-05
-3.566764151648347462e-04
2.759817058442132990e-03
1.779668643928124672e-03
-3.629152140050964171e-04
4.815589372195011304e-05
1.093098978171557139e-07
1.803225670347331469e-06
3.569983538060390312e-05
-3.543765503266894349e-04
2.773554777777522198e-03
1.762770089139169011e-03
-3.612903478604491099e-04
4.799432893013949559e-05
1.029790796460875299e-07
1.864589816358238202e-06
3.502572247272962245e-05
-3.519929273779882320e-04
2.787196579297773844e-03
1.745868232157572492e-03
-3.596262887281023420e-04
4.782527608181618496e-05
9.695021598482085919e-08
1.927545899660158763e-06
3.433336137572557263e-05
-3.495249708221284538e-04
2.800741135112331300e-03
1.728964506777147091e-03
-3.579237677173856031e-04
4.764890235598661191e-05
9.121220839073599075e-08
1.992120168826521887e-06
3.362262180628796862e-05
-3.469721115956117909e-04
2.814187125045996239e-03
1.712060342415108911e-03
-3.561835145246772466e-04
4.746537412606073223e-05
8.575422942000778357e-08
2.058338922645234337e-06
3.289337569498050178e-05
-3.443337871897658438e-04
2.827533236814808778e-03
1.695157163943189840e-03
-3.544062573320413446e-04
4.727485693012026231e-05
8.056572047956499944e-08
2.126228500259823240e-06
3.214549724116997622e-05
-3.416094417720680256e-04
2.840778166201052019e-03
1.678256391519784623e-03
-3.525927227067601473e-04
4.707751544174012203e-05
7.563638956182887869e-08
2.195815271120528371e-06
3.137886296803331961e-05
-3.387985263070494467e-04
2.853920617227358007e-03
1.661359440423160021e-03
-3.507436355017777606e-04
4.687351344136547033e-05
7.095620888341276455e-08
2.267125624724435153e-06
3.059335177763176705e-05
-3.359004986767502089e-04
2.866959302329878667e-03
1.644467720885754670e-03
-3.488597187570669140e-04
4.666301378824118238e-05
6.651541242061669208e-08
2.340185960173709466e-06
2.978884500603455908e-05
-3.329148238007131563e-04
2.879892942530504815e-03
1.627582637929580068e-03
-3.469416936019333996e-04
4.644617839290179158e-05
6.230449335073773676e-08
2.415022675529735197e-06
2.896522647848263324e-05
-3.298409737554875115e-04
2.892720267608096807e-03
1.610705591202762346e-03
-3.449902791582643100e-04
4.622316819021864365e-05
5.831420139462682989e-08
2.491662156975447957e-06
2.812238256457709980e-05
-3.266784278936212026e-04
2.905440016268702550e-03
1.593837974817234604e-03
-3.430061924447412700e-04
4.599414311300571305e-05
5.453554008040974928e-08
2.570130767789404295e-06
2.726020223349176304e-05
-3.234266729621179735e-04
2.918050936314739441e-03
1.576981177187616878e-03
-3.409901482820229990e-04
4.575926206618739523e-05
5.095976390176184530e-08
2.650454837126146330e-06
2.637857710918326747e-05
-3.200852032203400335e-04
2.930551784813100347e-03
1.560136580871287863e-03
-3.389428591989116250e-04
4.551868290152813245e-05
4.757837540876441683e-08
2.732660648605810333e-06
2.547740152559532496e-05
-3.166535205573328812e-04
2.942941328262177990e-03
1.543305562409692409e-03
-3.368650353395159216e-04
4.527256239292089165e-05
4.438312220756682030e-08
2.816774428727024325e-06
2.455657258184328401e-05
-3.131311346085468780e-04
2.955218342757754378e-03
1.526489492170885007e-03
-3.347573843714188964e-04
4.502105621224383871e-05
4.136599388565477343e-08
2.902822335078333815e-06
2.361599019736804983e-05
-3.095175628719367073e-04
2.967381614157752704e-03
1.509689734193354589e-03
-3.326206113948645287e-04
4.476431890577483485e-05
3.851921886038454135e-08
2.990830444383180471e-06
2.265555716704524398e-05
-3.058123308234143769e-04
2.979429938245811357e-03
1.492907646031129115e-03
-3.304554188529708683e-04
4.450250387117219136e-05
3.583526115939811772e-08
3.080824740353779580e-06
2.167517921623573902e-05
-3.020149720316345167e-04
2.991362120893655344e-03
1.476144578600201585e-03
-3.282625064429815819e-04
4.423576333501883688e-05
3.330681712409272192e-08
3.172831101363171716e-06
2.067476505577140879e-05
-2.981250282720893639e-04
3.003176978222240820e-03
1.459401876026283993e-03
-3.260425710285675500e-04
4.396424833092808104e-05
3.092681205996447581e-08
3.266875287954177789e-06
1.965422643685514877e-05
-2.941420496404918618e-04
3.014873336761650195e-03
1.442680875493918468e-03
-3.237963065531841516e-04
4.368810867821622604e-05
2.868839681384437563e-08
3.362982930155581261e-06
1.861347820587158864e-05
-2.900655946654209045e-04
3.026450033609705270e-03
1.425982907096968186e-03
-3.215244039544992521e-04
4.340749296113319007e-05
2.658494429737547828e-08
3.461179514642036162e-06
1.755243835908782608e-05
-2.858952304202127355e-04
3.037905916589273263e-03
1.409309293690493231e-03
-3.192275510798974793e-04
4.312254850866089348e-05
2.461004595436231623e-08
3.561490371713794691e-06
1.647102809723821880e-05
-2.816305326340708538e-04
3.049239844404248809e-03
1.392661350744055226e-03
-3.169064326030715745e-04
4.283342137487033437e-05
2.275750816937954696e-08
3.663940662111304461e-06
1.536917187997185883e-05
-2.772710858023784354e-04
3.060450686794172898e-03
1.376040386196451587e-03
-3.145617299417066736e-04
4.254025631984072127e-05
2.102134864208257416e-08
3.768555363668114368e-06
1.424679748016475710e-05
-2.728164832961812308e-04
3.071537324687480513e-03
1.359447700311906728e-03
-3.121941211762754615e-04
4.224319679113974833e-05
1.939579269278992870e-08
3.875359257798876688e-06
1.310383603806619931e-05
-2.682663274708318871e-04
3.082498650353333609e-03
1.342884585537737355e-03
-3.098042809699387253e-04
4.194238490586234296e-05
1.787526954538637894e-08
3.984376915824908162e-06
1.194022211527971517e-05
-2.636202297737635469e-04
3.093333567552029005e-03
1.326352326363516550e-03
-3.073928804895708754e-04
4.163796143322844170e-05
1.645440855836265041e-08
4.095632685153049635e-06
1.075589374855772079e-05
-2.588778108513752692e-04
3.104040991683954757e-03
1.309852199181745338e-03
-3.049605873279120612e-04
4.133006577773790368e-05
1.512803542356394993e-08
4.209150675287244312e-06
9.550792503403745574e-06
-2.540387006550096473e-04
3.114619849937058128e-03
1.293385472150059695e-03
-3.025080654268601081e-04
4.101883596288008840e-05
1.389116832816641885e-08
4.324954743703105889e-06
8.324863527463248304e-06
-2.491025385459938934e-04
3.125069081432819973e-03
1.276953405054984505e-03
-3.000359750019017347e-04
4.070440861539905997e-05
1.273901409081318850e-08
4.443068481565740276e-06
7.078055603692519776e-06
-2.440689733997316224e-04
3.135387637370702120e-03
1.260557249177260680e-03
-2.975449724676981203e-04
4.038691895010994558e-05
1.166696426243025039e-08
4.563515199303612381e-06
5.810321203292234865e-06
-2.389376637088175259e-04
3.145574481171039150e-03
1.244198247158748724e-03
-2.950357103648266100e-04
4.006650075526708505e-05
1.067059121219132580e-08
4.686317912050189344e-06
4.521616538394124961e-06
-2.337082776851573179e-04
3.155628588616358945e-03
1.227877632870942115e-03
-2.925088372876879388e-04
3.974328637848115262e-05
9.745644185063413521e-09
4.811499324933781080e-06
3.211901614484887650e-06
-2.283804933610692075e-04
3.165548947991114227e-03
1.211596631285099613e-03
-2.899649978135834176e-04
3.941740671318145632e-05
8.888045344541969804e-09
4.939081818248047428e-06
1.881140282555408277e-06
-2.229539986893462188e-04
3.175334560219783466e-03
1.195356458344008646e-03
-2.874048324329694535e-04
3.908899118562456668e-05
8.093885798585614997e-09
5.069087432481240531e-06
5.293002909626844449e-07
-2.174284916422627957e-04
3.184984439003339836e-03
1.179158320835408400e-03
-2.848289774808954785e-04
3.875816774244520248e-05
7.359421612622226383e-09
5.201537853217926406e-06
-8.436466630098681777e-07
-2.118036803094958760e-04
3.194497610954051374e-03
1.163003416267073672e-03
-2.822380650696287526e-04
3.842506283874734736e-05
6.681069820124977056e-09
5.336454395930111969e-06
-2.237724881907338861e-06
-2.060792829949488079e-04
3.203873115728596288e-03
1.146892932743591616e-03
-2.796327230224738506e-04
3.808980142673018966e-05
6.055404416056245864e-09
5.473857990631200994e-06
-3.652954617182310736e-06
-2.002550283124516800e-04
3.213110006159473463e-03
1.130828048844831346e-03
-2.770135748087923597e-04
3.775250694485320909e-05
5.479152356708160527e-09
5.613769166423012172e-06
-5.089352018619522587e-06
-1.943306552803218570e-04
3.222207348384678247e-03
1.114809933506131145e-03
-2.743812394802247413e-04
3.741330130753087570e-05
4.949189556449740038e-09
5.756208035935912615e-06
-6.546929084112862052e-06
-1.883059134147569650e-04
3.231164221975637001e-03
1.098839745900215183e-03
-2.717363316081186381e-04
3.707230489535599907e-05
4.462536885340459121e-09
5.901194279646637268e-06
-8.025693609809024976e-06
-1.821805628220526832e-04
3.239979720063359669e-03
1.082918635320856459e-03
-2.690794612221744154e-04
3.672963654585197172e-05
4.016356174920670893e-09
6.048747130108069408e-06
-9.525649140632790223e-06
-1.759543742896085329e-04
3.248652949462812068e-03
1.067047741068291372e-03
-2.664112337503035449e-04
3.638541354474538879e-05
3.607946233972633009e-09
6.198885356067912439e-06
-1.104679492120762339e-05
-1.696271293757213659e-04
3.257183030795463268e-03
1.051228192336415429e-03
-2.637322499597085593e-04
3.603975161776037239e-05
3.234738868755800490e-09
6.351627246494052548e-06
-1.258912584718375929e-05
-1.631986204981260302e-04
3.265569098610014535e-03
1.035461108101755519e-03
-2.610431058991869628e-04
3.569276492292954527e-05
2.894294929857496406e-09
6.506990594513644266e-06
-1.415263241698444169e-05
-1.566686510212822372e-04
3.273810301501266923e-03
1.019747597014248686e-03
-2.583443928426633796e-04
3.534456604341811676e-05
2.584300365108530368e-09
6.664992681260911299e-06
-1.573730068399074915e-05
-1.500370353423734508e-04
3.281905802227120562e-03
1.004088757289823067e-03
-2.556366972339510794e-04
3.499526598085625631e-05
2.302562295499604626e-09
6.825650259639056519e-06
-1.734311220917066247e-05
-1.433035989760088542e-04
3.289854777823682241e-03
9.884856766048143780e-04
-2.529206006327462414e-04
3.464497414918123164e-05
2.047005121564611428e-09
6.988979538015728148e-06
-1.897004401417179973e-05
-1.364681786376048121e-04
3.297656419718469987e-03
9.729394319922061432e-04
-2.501966796618577201e-04
3.429379836897725008e-05
1.815666640242219288e-09
7.154996163828928310e-06
-2.061806853488478986e-05
-1.295306223254253113e-04
3.305309933841673459e-03
9.574510897397266141e-04
-2.474655059556789272e-04
3.394184486231912169e-05
1.606694207326115611e-09
7.323715207142096204e-06
-2.228715357550042588e-05
-1.224907894012653310e-04
3.312814540735491402e-03
9.420217052898011969e-04
-2.447276461098900672e-04
3.358921824810461314e-05
1.418340914597032479e-09
7.495151144119537159e-06
-2.397726226305919148e-05
-1.153485506697590534e-04
3.320169475661483276e-03
9.266523231413733913e-04
-2.419836616324146311e-04
3.323602153788352866e-05
1.248961813382776823e-09
7.669317840448912124e-06
-2.568835300252143175e-05
-1.081037884562923530e-04
3.327373988705953269e-03
9.113439767536114832e-04
-2.392341088956094963e-04
3.288235613216976250e-05
1.097010165701599014e-09
7.846228534714721217e-06
-2.742037943236401919e-05
-1.007563966835008486e-04
3.334427344883326809e-03
8.960976884515015322e-04
-2.364795390897021560e-04
3.252832181723530635e-05
9.610337386724831181e-10
8.025895821710130060e-06
-2.917329038071381849e-05
-9.330628094633870717e-05
3.341328824237518695e-03
8.809144693333458443e-04
-2.337204981774760563e-04
3.217401676238562891e-05
8.396711377925593146e-10
8.208331635717541433e-06
-3.094702982203933567e-05
-8.575335858569763797e-05
3.348077721941259462e-03
8.657953191801688814e-04
-2.309575268501992955e-04
3.181953751770372901e-05
7.316481850518268275e-10
8.393547233740404102e-06
-3.274153683440535634e-05
-7.809755876055870410e-05
3.354673348393379106e-03
8.507412263670478467e-04
-2.281911604848014846e-04
3.146497901226811384e-05
6.357743405110957365e-10
8.581553178701472359e-06
-3.455674555731117262e-05
-7.033882251865976624e-05
3.361115029314024755e-03
8.357531677763678371e-04
-2.254219291022964368e-04
3.111043455283330454e-05
5.509391773476073457e-10
8.772359322618647983e-06
-3.639258515011844320e-05
-6.247710286566377305e-05
3.367402105837798837e-03
8.208321087130224887e-04
-2.226503573274548611e-04
3.075599582296959634e-05
4.761089035046513285e-10
8.965974789750581441e-06
-3.824897975108601701e-05
-5.451236483280396425e-05
3.373533934604791736e-03
8.059790028215501386e-04
-2.198769643497199857e-04
3.040175288265833264e-05
4.103229345818885111e-10
9.162407959722594815e-06
-4.012584843702531344e-05
-4.644458554299947458e-05
3.379509887849521058e-03
7.911947920052362975e-04
-2.171022638853738890e-04
3.004779416833935245e-05
3.526905317817386978e-10
9.361666450648511862e-06
-4.202310518358553598e-05
-3.827375427541319670e-05
3.385329353487725058e-03
7.764804063471698534e-04
-2.143267641409454599e-04
2.969420649340096503e-05
3.023874811190897248e-10
9.563757102230541457e-06
-4.394065882618450797e-05
-2.999987252844725117e-05
3.390991735201032316e-03
7.618367640332731738e-04
-2.115509677778667347e-04
2.934107504911399685e-05
2.586528524839256789e-10
9.768685958871785210e-06
-4.587841302159578933e-05
-2.162295408114729489e-05
3.396496452519468662e-03
7.472647712773040473e-04
-2.087753718783714324e-04
2.898848340599723242e-05
2.207857999537379853e-10
9.976458252782600711e-06
-4.783626621020935411e-05
-1.314302505301278800e-05
3.401842940901803058e-03
7.327653222478468101e-04
-2.060004679126331659e-04
2.863651351561495372e-05
1.881424423311462843e-10
1.018707838709332260e-05
-4.981411157896954180e-05
-4.560123962186191466e-06
3.407030651813699931e-03
7.183392989972857195e-04
-2.032267417071507575e-04
2.828524571280283440e-05
1.601328010074812559e-10
1.040054991899349068e-05
-5.181183702501486032e-05
4.125698217986616290e-06
3.412059052803696150e-03
7.039875713927769459e-04
-2.004546734143651532e-04
2.793475871830744008e-05
1.362178073025362715e-10
1.061687554287635167e-05
-5.382932512002077205e-05
1.291437800404306380e-05
3.416927627576955839e-03
6.897109970492201585e-04
-1.976847374835167463e-04
2.758512964184614845e-05
1.159063811216332402e-10
1.083605707352166211e-05
-5.586645307526646943e-05
2.180583934915627503e-05
3.421635876066817742e-03
6.755104212642353435e-04
-1.949174026327373085e-04
2.723643398557109053e-05
9.875258091646509004e-11
1.105809542930290776e-05
-5.792309270743209118e-05
3.079999359155554946e-05
3.426183314504103929e-03
6.613866769551502746e-04
-1.921531318223707019e-04
2.688874564794112458e-05
8.435282340640146632e-11
1.128299061543105057e-05
-5.999911040514411918e-05
3.989673940464923525e-05
3.430569475484194619e-03
6.473405845980010221e-04
-1.893923822295243500e-04
2.654213692798970312e-05
7.234318722760205783e-11
1.151074170724855203e-05
-6.209436709627479752e-05
4.909596274884337852e-05
3.434793908031843947e-03
6.333729521685530894e-04
-1.866356052238472667e-04
2.619667852998554971e-05
6.239678306643712725e-11
1.174134683356611922e-05
-6.420871821601432320e-05
5.839753682508423276e-05
3.438856177663738006e-03
6.194845750853430685e-04
-1.838832463445281380e-04
2.585243956847942359e-05
5.422120923695317072e-11
1.197480316005467738e-05
-6.634201367572280879e-05
6.780132203013416374e-05
3.442755866448773440e-03
6.056762361547488385e-04
-1.811357452785142426e-04
2.550948757373542705e-05
4.755608867487768068e-11
1.221110687270456985e-05
-6.849409783257800186e-05
7.730716591359237781e-05
3.446492573066057500e-03
5.919487055180831011e-04
-1.783935358399444076e-04
2.516788849753200883e-05
4.217068001065659348e-11
1.245025316134288472e-05
-7.066480946002617479e-05
8.691490313667564916e-05
3.450065912860612177e-03
5.783027406007254338e-04
-1.756570459507947259e-04
2.482770671933976845e-05
3.786158195201893727e-11
1.269223620323337064e-05
-7.285398171905153961e-05
9.662435543277338461e-05
3.453475517896777668e-03
5.647390860632814759e-04
-1.729266976227302854e-04
2.448900505285626453e-05
3.445051332950072151e-11
1.293704914674983100e-05
-7.506144213027834381e-05
1.064353315697852794e-04
3.456721037009299977e-03
5.512584737547817151e-04
-1.702029069401583307e-04
2.415184475290182186e-05
3.178218712161888053e-11
1.318468409513288820e-05
-7.728701254690567395e-05
1.163476273142600970e-04
3.459802135852107011e-03
5.378616226679146716e-04
-1.674860840444834516e-04
2.381628552266955407e-05
2.972226521969262825e-11
1.343513209034720437e-05
-7.953050912850304814e-05
1.263610253973417193e-04
3.462718496944750153e-03
5.245492388963019599e-04
-1.647766331195528737e-04
2.348238552131675405e-05
2.815540866147660140e-11
1.368838309702775566e-05
-8.179174231566373437e-05
1.364752954825368457e-04
3.465469819716512218e-03
5.113220155938067715e-04
-1.620749523782902518e-04
2.315020137189784547e-05
2.698341071634371367e-11
1.394442598653384578e-05
-8.407051680553697726e-05
1.466901941353187893e-04
3.468055820548174382e-03
4.981806329358874890e-04
-1.593814340505142241e-04
2.281978816963401284e-05
2.612342863420887282e-11
1.420324852111617984e-05
-8.636663152824211500e-05
1.570054647945718545e-04
3.470476232811431708e-03
4.851257580829898162e-04
-1.566964643719333272e-04
2.249119949050495146e-05
2.550630086557339378e-11
1.446483733819318165e-05
-8.867987962418590433e-05
1.674208377458942412e-04
3.472730806905953340e-03
4.721580451459754199e-04
-1.540204235743125529e-04
2.216448740016814468e-05
2.507496358158855221e-11
1.472917793475923813e-05
-9.101004842228057365e-05
1.779360300967649632e-04
3.474819310294080012e-03
4.592781351535954850e-04
-1.513536858768079710e-04
2.183970246318820948e-05
2.478295582632430007e-11
1.499625465191609221e-05
-9.335691941908592808e-05
1.885507457535892824e-04
3.476741527533153651e-03
4.464866560219936799e-04
-1.486966194784593884e-04
2.151689375257821092e-05
2.459302476778934188e-11
1.526605065954044863e-05
-9.572026825888007369e-05
1.992646754006287301e-04
3.478497260305477359e-03
4.337842225262566911e-04
-1.460495865518381977e-04
2.119610885964495997e-05
2.447582536181191424e-11
1.553854794109848931e-05
-9.809986471466831536e-05
2.100774964808296754e-04
3.480086327445888403e-03
4.211714362739908614e-04
-1.434129432378409576e-04
2.087739390412627326e-05
2.440871495675682416e-11
1.581372727860074536e-05
-1.004954726701445534e-04
2.209888731785550743e-04
3.481508564966957243e-03
4.086488856809378321e-04
-1.407870396416267789e-04
2.056079354462479609e-05
2.437464941846650123e-11
1.609156823772087342e-05
-1.029068501026126329e-04
2.319984564042343084e-04
3.482763826081794814e-03
3.962171459486201375e-04
-1.381722198296852079e-04
2.024635098931881538e-05
2.436117297763316771e-11
1.637204915306917296e-05
-1.053337490668777556e-04
2.431058837809336060e-04
3.483851981224470214e-03
3.838767790440125228e-04
-1.355688218280341468e-04
1.993410800695643900e-05
2.435951273817273759e-11
1.665514711363638275e-05
-1.077759156801231198e-04
2.543107796328624966e-04
3.484772918068035786e-03
3.716283336812416954e-04
-1.329771776215326327e-04
1.962410493811829471e-05
2.436376712463518715e-11
1.694083794841157298e-05
-1.102330901077683739e-04
2.656127549758178423e-04
3.485526541540153074e-03
3.594723453053089266e-04
-1.303976131543134877e-04
1.931638070674445931e-05
2.437019727131161835e-11
1.722909621218125166e-05
-1.127050065503393581e-04
2.770114075095786205e-04
3.486112773836316184e-03
3.474093360778269385e-04
-1.278304483313141588e-04
1.901097283192104074e-05
2.437661941712761554e-11
1.751989517151272103e-05
-1.151913932313390404e-04
2.885063216122559296e-04
3.486531554430684701e-03
3.354398148647770388e-04
-1.252759970209070192e-04
1.870791743991970785e-05
2.438189716914477106e-11
1.781320679093760474e-05
-1.176919723861445812e-04
3.000970683366068642e-04
3.486782840084494926e-03
3.235642772262695361e-04
-1.227345670586179921e-04
1.840724927647825190e-05
2.438553307961914452e-11
