0.000000e+00
0.000000e+00
0.000000e+00
0.000000e+00
5.704968e+01
5.706637e+01
5.708305e+01
5.709973e+01
5.711640e+01
5.713307e+01
5.714974e+01
5.716641e+01
5.718308e+01
5.719974e+01
5.721640e+01
5.723307e+01
5.724972e+01
5.726638e+01
5.728303e+01
5.729967e+01
5.731632e+01
5.733296e+01
5.734965e+01
5.736634e+01
5.738303e+01
5.739972e+01
5.741641e+01
5.743309e+01
5.744977e+01
5.746644e+01
5.748311e+01
5.749979e+01
5.751645e+01
5.753312e+01
5.754980e+01
5.756647e+01
5.758314e+01
5.759980e+01
5.761647e+01
5.763313e+01
5.764979e+01
5.766644e+01
5.768310e+01
5.769975e+01
5.771641e+01
5.773306e+01
5.774972e+01
5.776641e+01
5.778310e+01
5.779979e+01
5.781647e+01
5.783315e+01
5.784983e+01
5.786650e+01
5.788317e+01
5.789985e+01
5.791652e+01
5.793318e+01
5.794985e+01
5.796651e+01
5.798318e+01
5.799985e+01
5.801652e+01
5.803320e+01
5.804986e+01
5.806653e+01
5.808320e+01
5.809986e+01
5.811652e+01
5.813319e+01
5.814985e+01
5.816651e+01
5.818317e+01
5.819982e+01
5.821648e+01
5.823313e+01
5.824980e+01
5.826648e+01
5.828316e+01
5.829985e+01
5.831652e+01
5.833320e+01
5.834988e+01
5.836655e+01
5.838323e+01
5.839990e+01
5.841657e+01
5.843324e+01
5.844991e+01
5.846658e+01
5.848325e+01
5.849991e+01
5.851658e+01
5.853324e+01
5.854991e+01
5.856658e+01
5.858325e+01
5.859992e+01
5.861659e+01
5.863326e+01
5.864993e+01
5.866660e+01
5.868327e+01
5.869995e+01
5.871661e+01
5.873328e+01
5.874995e+01
5.876662e+01
5.878328e+01
5.879995e+01
5.881662e+01
5.883328e+01
5.884995e+01
5.886661e+01
5.888328e+01
5.889994e+01
5.891660e+01
5.893327e+01
5.894993e+01
5.896659e+01
5.898327e+01
5.899995e+01
5.901662e+01
5.903329e+01
5.904997e+01
5.906665e+01
5.908332e+01
5.909999e+01
5.911667e+01
5.913334e+01
5.915001e+01
5.916668e+01
5.918335e+01
5.920002e+01
5.921669e+01
5.923336e+01
5.925003e+01
5.926670e+01
5.928337e+01
5.930003e+01
5.931670e+01
5.933337e+01
5.935004e+01
5.936671e+01
5.938337e+01
5.940004e+01
5.941671e+01
5.943338e+01
5.945004e+01
5.946671e+01
5.948338e+01
5.950005e+01
5.951672e+01
5.953338e+01
5.955005e+01
5.956672e+01
5.958339e+01
5.960005e+01
5.961672e+01
5.963338e+01
5.965005e+01
5.966672e+01
5.968338e+01
5.970005e+01
5.971672e+01
5.973339e+01
5.975005e+01
5.976672e+01
5.978339e+01
5.980006e+01
5.981673e+01
5.983340e+01
5.985007e+01
5.986674e+01
5.988341e+01
5.990008e+01
5.991674e+01
5.993341e+01
5.995008e+01
5.996675e+01
5.998342e+01
6.000009e+01
6.001676e+01
6.003343e+01
6.005010e+01
6.006677e+01
6.008343e+01
6.010010e+01
6.011677e+01
6.013344e+01
6.015010e+01
6.016677e+01
6.018344e+01
6.020011e+01
6.021677e+01
6.023344e+01
6.025011e+01
6.026678e+01
6.028345e+01
6.030012e+01
6.031679e+01
6.033347e+01
6.035014e+01
6.036681e+01
6.038348e+01
6.040015e+01
6.041682e+01
6.043349e+01
6.045016e+01
6.046683e+01
6.048350e+01
6.050017e+01
6.051684e+01
6.053351e+01
6.055019e+01
6.056686e+01
6.058353e+01
6.060020e+01
6.061687e+01
6.063354e+01
6.065021e+01
6.066688e+01
6.068355e+01
6.070023e+01
6.071690e+01
6.073357e+01
6.075024e+01
6.076691e+01
6.078358e+01
6.080025e+01
6.081692e+01
6.083359e+01
6.085026e+01
6.086693e+01
6.088359e+01
6.090026e+01
6.091693e+01
6.093360e+01
6.095027e+01
6.096693e+01
6.098360e+01
6.100027e+01
6.101693e+01
6.103360e+01
6.105028e+01
6.106695e+01
6.108362e+01
6.110029e+01
6.111696e+01
6.113363e+01
6.115030e+01
6.116697e+01
6.118364e+01
6.120031e+01
6.121697e+01
6.123364e+01
6.125030e+01
6.126697e+01
6.128363e+01
6.130030e+01
6.131696e+01
6.133362e+01
6.135028e+01
6.136694e+01
6.138360e+01
6.140026e+01
6.141692e+01
6.143359e+01
6.145027e+01
6.146696e+01
6.148363e+01
6.150031e+01
6.151699e+01
6.153366e+01
6.155034e+01
6.156701e+01
6.158369e+01
6.160036e+01
6.161703e+01
6.163370e+01
6.165037e+01
6.166704e+01
6.168371e+01
6.170038e+01
6.171705e+01
6.173371e+01
6.175038e+01
6.176706e+01
6.178373e+01
6.180040e+01
6.181706e+01
6.183373e+01
6.185039e+01
6.186706e+01
6.188372e+01
6.190038e+01
6.191704e+01
6.193370e+01
6.195035e+01
6.196701e+01
6.198366e+01
6.200032e+01
6.201699e+01
6.203368e+01
6.205036e+01
6.206705e+01
6.208373e+01
6.210041e+01
6.211708e+01
6.213376e+01
6.215043e+01
6.216711e+01
6.218378e+01
6.220045e+01
6.221712e+01
6.223378e+01
6.225045e+01
6.226713e+01
6.228379e+01
6.230046e+01
6.231713e+01
6.233379e+01
6.235045e+01
6.236711e+01
6.238377e+01
6.240042e+01
6.241707e+01
