0.000000e+00
0.000000e+00
0.000000e+00
0.000000e+00
5.499618e+07
5.499842e+07
5.499916e+07
5.500012e+07
5.500049e+07
5.500054e+07
5.499972e+07
5.499885e+07
5.499856e+07
5.499780e+07
5.499780e+07
5.499780e+07
5.499780e+07
5.499780e+07
5.499780e+07
5.499780e+07
5.499780e+07
5.499780e+07
5.499780e+07
5.499780e+07
5.499780e+07
5.499780e+07
5.499780e+07
5.499780e+07
5.499780e+07
5.499780e+07
5.499780e+07
5.499780e+07
5.499780e+07
5.499780e+07
5.499780e+07
5.499780e+07
5.499780e+07
5.499780e+07
5.499780e+07
5.499780e+07
5.499780e+07
5.499780e+07
5.499780e+07
5.499780e+07
5.499780e+07
5.499780e+07
5.499780e+07
5.499780e+07
5.499780e+07
5.499780e+07
5.499780e+07
5.499780e+07
5.499780e+07
5.499780e+07
5.499780e+07
5.499780e+07
5.499780e+07
5.499780e+07
5.499780e+07
5.499780e+07
5.499780e+07
5.499780e+07
5.499780e+07
5.499780e+07
5.499780e+07
5.499780e+07
5.499780e+07
5.499780e+07
5.499780e+07
5.499780e+07
5.499780e+07
5.499780e+07
5.499780e+07
5.499780e+07
5.499780e+07
5.499780e+07
5.499780e+07
5.499780e+07
5.499780e+07
5.499780e+07
5.499780e+07
5.499780e+07
5.499780e+07
5.499780e+07
5.499780e+07
5.499780e+07
5.499780e+07
5.499780e+07
5.499780e+07
5.499780e+07
5.499780e+07
5.499780e+07
5.499780e+07
5.499780e+07
5.499780e+07
5.499780e+07
5.499780e+07
5.499780e+07
5.499780e+07
5.499780e+07
5.499780e+07
5.499780e+07
5.499780e+07
5.499780e+07
5.499780e+07
5.499780e+07
5.499780e+07
5.499780e+07
5.499780e+07
5.499780e+07
5.499780e+07
