0.000000e+00
0.000000e+00
0.000000e+00
0.000000e+00
6.499984e+07
6.499986e+07
6.500016e+07
6.500040e+07
6.500027e+07
6.500011e+07
6.500000e+07
6.499981e+07
6.499966e+07
6.499986e+07
6.499984e+07
6.499984e+07
6.499984e+07
6.499987e+07
6.500018e+07
6.500042e+07
6.500029e+07
6.500011e+07
6.500000e+07
6.499981e+07
6.499966e+07
6.499984e+07
6.499982e+07
6.499984e+07
6.499986e+07
6.499989e+07
6.500019e+07
6.500042e+07
6.500029e+07
6.500011e+07
6.500000e+07
6.499979e+07
6.499965e+07
6.499984e+07
6.499982e+07
6.499984e+07
6.499986e+07
6.499989e+07
6.500019e+07
6.500042e+07
6.500029e+07
6.500011e+07
6.500000e+07
6.499979e+07
6.499965e+07
6.499984e+07
6.499982e+07
6.499984e+07
6.499986e+07
6.499989e+07
6.500021e+07
6.500043e+07
6.500029e+07
6.500011e+07
6.500000e+07
6.499979e+07
6.499965e+07
6.499982e+07
6.499981e+07
6.499984e+07
6.499986e+07
6.499989e+07
6.500021e+07
6.500043e+07
6.500029e+07
6.500011e+07
6.500000e+07
6.499979e+07
6.499965e+07
6.499982e+07
6.499981e+07
6.499984e+07
6.499986e+07
6.499989e+07
6.500021e+07
6.500043e+07
6.500029e+07
6.500011e+07
6.500000e+07
6.499979e+07
6.499965e+07
6.499982e+07
6.499981e+07
6.499984e+07
6.499986e+07
6.499989e+07
6.500021e+07
6.500043e+07
6.500029e+07
6.500011e+07
6.500000e+07
6.499978e+07
6.499965e+07
6.499982e+07
6.499981e+07
6.499984e+07
6.499986e+07
6.499990e+07
6.500021e+07
6.500043e+07
6.500029e+07
6.500011e+07
6.500000e+07
6.499978e+07
6.499963e+07
6.499982e+07
6.499981e+07
6.499984e+07
6.499986e+07
6.499990e+07
6.500021e+07
6.500043e+07
6.500030e+07
6.500011e+07
6.500000e+07
6.499978e+07
6.499963e+07
6.499982e+07
6.499981e+07
6.499984e+07
6.499986e+07
6.499990e+07
6.500021e+07
6.500043e+07
6.500030e+07
6.500011e+07
6.500000e+07
6.499978e+07
6.499963e+07
6.499982e+07
6.499981e+07
6.499984e+07
6.499986e+07
6.499990e+07
6.500021e+07
6.500043e+07
6.500030e+07
6.500011e+07
6.500000e+07
6.499978e+07
6.499963e+07
6.499982e+07
6.499981e+07
6.499984e+07
6.499986e+07
6.499990e+07
6.500021e+07
6.500043e+07
6.500030e+07
6.500011e+07
6.500000e+07
6.499978e+07
6.499963e+07
6.499982e+07
6.499981e+07
6.499984e+07
6.499986e+07
6.499990e+07
6.500021e+07
6.500043e+07
6.500030e+07
6.500011e+07
6.500000e+07
6.499978e+07
6.499963e+07
6.499981e+07
6.499981e+07
6.499984e+07
6.499986e+07
6.499990e+07
6.500021e+07
6.500043e+07
6.500030e+07
6.500011e+07
6.500000e+07
6.499978e+07
6.499963e+07
6.499981e+07
6.499981e+07
6.499984e+07
6.499986e+07
6.499990e+07
6.500021e+07
6.500043e+07
6.500030e+07
6.500011e+07
